1079 : 7609
2032 : 6260
1001 : 1219
1004 : 189
1203 : 1070
1014 : 563
1037 : 7475
2036 : 2851
1021 : 7036
1033 : 7782
2030 : 3959
2045 : 12758
1073 : 5099
2022 : 3687
1002 : 7209
1076 : 8701
1099 : 8586
1109 : 5412
1032 : 10511
1034 : 1121
2010 : 43227
2003 : 8106
1111 : 4839
2038 : 1026
1008 : 9814
1027 : 2997
2002 : 5060
2021 : 5684
2023 : 4722
1064 : 4929
2025 : 2534
2034 : 209
2041 : 1954
3013 : 2227
1031 : 8236
1058 : 6398
1071 : 6638
1066 : 411
2005 : 5361
2037 : 1841
1054 : 2667
2031 : 373
1017 : 11414
1078 : 4437
2004 : 1747
1077 : 5576
1012 : 1026
1080 : 2073
1063 : 6999
4030 : 629
4029 : 5687
1094 : 876
2019 : 944
1070 : 1424
4027 : 220
1010 : 613
1016 : 5494
1011 : 2009
2000 : 4417
1005 : 2655
1053 : 869
4041 : 4518
1029 : 1321
1039 : 6265
1113 : 20297
2033 : 1554
2027 : 1324
1025 : 4706
4040 : 1628
1115 : 2195
4035 : 571
4028 : 1129
1089 : 3489
2051 : 2009
4038 : 1863
1023 : 4847
1116 : 1799
2050 : 344
1045 : 807
1028 : 306
1035 : 691
2046 : 1020
4043 : 3676
1114 : 1887
4033 : 6836
3014 : 833
1049 : 8988
5000 : 6233
1119 : 1200
1030 : 2049
1036 : 1409
1040 : 4954
1065 : 9168
2048 : 2876
3010 : 1150
1015 : 1731
2008 : 1073
2055 : 1948
5001 : 2139
1090 : 3581
2015 : 1977
2013 : 781
1118 : 2278
1121 : 326
1112 : 1436
3004 : 5891
1122 : 2741
2056 : 438
4034 : 297
1127 : 471
5002 : 471
2058 : 603
1128 : 568
1131 : 6277
1018 : 874
2059 : 3412
4039 : 442
1136 : 1849
1138 : 1001
3005 : 1293
1133 : 2399
1132 : 1935
1140 : 1933
1139 : 1382
3000 : 800
1051 : 413
1142 : 991
1067 : 1799
1141 : 1332
1135 : 632
2024 : 648
2061 : 654
2039 : 1786
1120 : 1702
1084 : 1752
1145 : 644
1125 : 354
6011 : 843
2060 : 448
6005 : 331
6001 : 346
6004 : 220
1081 : 2910
1009 : 391
3006 : 535
2065 : 3125
6012 : 580
6017 : 719
2067 : 793
2066 : 322
2063 : 502
4067 : 258
2064 : 659
4064 : 1076
6020 : 222
6006 : 212
2070 : 10243
1126 : 342
6014 : 204
2069 : 755
1149 : 3315
2018 : 409
2072 : 837
1148 : 1364
2073 : 1417
2001 : 1408
1152 : 1619
1107 : 2293
4032 : 735
2074 : 784
7009 : 358
2071 : 1100
1156 : 343
2075 : 519
2078 : 748
1160 : 499
2079 : 7482
2076 : 1320
2062 : 684
2080 : 394
1163 : 1276
1165 : 210
1166 : 953
6021 : 314
4080 : 1215
2052 : 289
7014 : 199
2016 : 4298
1167 : 3081
5004 : 502
1169 : 990
2086 : 483
2084 : 190
1172 : 1010
1173 : 579
1168 : 472
2087 : 2607
2091 : 361
1176 : 659
1177 : 1234
1026 : 336
1178 : 344
1179 : 187
1182 : 993
1184 : 940
8000 : 223
1190 : 481
1189 : 273
2096 : 201
1193 : 733
9000 : 956
9001 : 380
9002 : 728
1195 : 3121
2100 : 194
1197 : 313
2101 : 503
2102 : 918
5019 : 198
9062 : 313
2103 : 713
9086 : 387
9066 : 250
9095 : 197
9100 : 395
9057 : 224
9099 : 191
9010 : 189
9120 : 251
9117 : 293
9133 : 209
2104 : 539
9105 : 222
2105 : 1027
9131 : 194
9028 : 214
2106 : 390
9153 : 270
1205 : 1507
9181 : 401
9004 : 203
2108 : 194
2017 : 2878
1207 : 250
2109 : 998
2110 : 875
1212 : 629
1214 : 347
1213 : 358
2111 : 235
1215 : 227
2112 : 224
1218 : 211
2117 : 1171
2118 : 2047
9336 : 227
9344 : 234
1222 : 1397
9345 : 670
9349 : 1426
1225 : 1015
2122 : 989
9337 : 218
1228 : 970
2123 : 812
2124 : 662
2007 : 1978
2040 : 1120
2125 : 834
1232 : 2357
1231 : 389
9900 : 320
2133 : 276
1237 : 435
1038 : 3192
9924 : 279
9937 : 1448
2131 : 206
2143 : 1337
2144 : 329
2146 : 520
2148 : 334
1246 : 213
3024 : 560
2150 : 1261
1249 : 245
3037 : 185
1251 : 354
1252 : 414
1253 : 223
1059 : 213
1255 : 279
2162 : 279
3030 : 757
1057 : 216
4361 : 321
1079 2032 : 291
1079 1037 : 453
1079 1021 : 565
1079 1033 : 593
1079 2030 : 187
1079 2045 : 510
1079 1073 : 414
1079 1002 : 656
1079 1076 : 1078
1079 1099 : 847
1079 1109 : 294
1079 1032 : 578
1079 2010 : 2244
1079 2003 : 493
1079 1111 : 226
1079 1008 : 946
1079 1027 : 251
1079 2002 : 361
1079 2021 : 195
1079 2023 : 211
1079 1064 : 331
1079 1031 : 447
1079 1058 : 487
1079 1071 : 469
1079 2005 : 282
1079 1054 : 183
1079 1017 : 836
1079 1077 : 439
1079 1063 : 499
1079 4029 : 261
1079 1016 : 376
1079 1011 : 252
1079 2000 : 203
1079 1005 : 323
1079 4041 : 287
1079 1039 : 413
1079 1113 : 1301
1079 1025 : 357
1079 1089 : 216
1079 1023 : 458
1079 4033 : 706
1079 1049 : 418
1079 5000 : 362
1079 1040 : 464
1079 1065 : 485
1079 1090 : 206
1079 1118 : 260
1079 3004 : 247
1079 1122 : 196
1079 1131 : 315
1079 1136 : 190
1079 1133 : 241
1079 1067 : 229
1079 1084 : 182
1079 1081 : 183
1079 2065 : 210
1079 2070 : 576
1079 2079 : 532
1079 2016 : 275
1079 1167 : 263
1079 2087 : 184
1079 1195 : 257
1079 1232 : 196
1079 1038 : 250
2032 1037 : 300
2032 1021 : 438
2032 1033 : 249
2032 2045 : 375
2032 1073 : 211
2032 1002 : 281
2032 1076 : 418
2032 1099 : 375
2032 1109 : 248
2032 1032 : 441
2032 2010 : 2252
2032 2003 : 657
2032 1111 : 199
2032 1008 : 518
2032 2002 : 427
2032 2021 : 268
2032 2023 : 243
2032 1064 : 218
2032 2025 : 230
2032 1031 : 344
2032 1058 : 281
2032 1071 : 299
2032 2005 : 394
2032 1017 : 471
2032 1078 : 195
2032 1077 : 235
2032 1063 : 348
2032 1016 : 206
2032 2000 : 303
2032 1039 : 260
2032 1113 : 933
2032 1025 : 188
2032 1023 : 196
2032 4043 : 219
2032 4033 : 310
2032 1049 : 300
2032 5000 : 257
2032 1040 : 207
2032 1065 : 272
2032 1131 : 284
2032 2065 : 192
2032 2070 : 679
2032 2079 : 636
2032 2016 : 222
1001 2010 : 439
1001 1008 : 237
1001 1017 : 228
1001 1113 : 232
1203 2010 : 281
1037 1021 : 521
1037 1033 : 594
1037 2045 : 488
1037 1073 : 494
1037 1002 : 449
1037 1076 : 651
1037 1099 : 743
1037 1109 : 386
1037 1032 : 730
1037 2010 : 1890
1037 2003 : 418
1037 1111 : 363
1037 1008 : 693
1037 1027 : 240
1037 2002 : 288
1037 2021 : 302
1037 2023 : 214
1037 1064 : 623
1037 2025 : 194
1037 3013 : 228
1037 1031 : 476
1037 1058 : 565
1037 1071 : 405
1037 2005 : 231
1037 1017 : 1054
1037 1078 : 328
1037 1077 : 376
1037 1063 : 917
1037 4029 : 279
1037 1016 : 381
1037 1011 : 182
1037 2000 : 193
1037 4041 : 288
1037 1029 : 189
1037 1039 : 965
1037 1113 : 1054
1037 1025 : 279
1037 4040 : 208
1037 1089 : 251
1037 1023 : 297
1037 1116 : 182
1037 4043 : 247
1037 4033 : 437
1037 1049 : 496
1037 5000 : 272
1037 1119 : 183
1037 1040 : 438
1037 1065 : 684
1037 1090 : 266
1037 1118 : 188
1037 3004 : 424
1037 1122 : 206
1037 1131 : 511
1037 2065 : 274
1037 2070 : 551
1037 2079 : 443
1037 2016 : 205
1037 1195 : 320
1037 1232 : 262
2036 2030 : 336
2036 2045 : 471
2036 2022 : 228
2036 1099 : 193
2036 1032 : 293
2036 2010 : 984
2036 2003 : 191
2036 1031 : 182
2036 1017 : 287
2036 4029 : 365
2036 1113 : 328
2036 1049 : 221
2036 2017 : 189
1021 1033 : 361
1021 2030 : 202
1021 2045 : 390
1021 1073 : 532
1021 1002 : 1082
1021 1076 : 810
1021 1099 : 1117
1021 1109 : 355
1021 1032 : 776
1021 2010 : 2350
1021 2003 : 598
1021 1111 : 311
1021 1008 : 1332
1021 2002 : 367
1021 2021 : 196
1021 2023 : 275
1021 1064 : 501
1021 2025 : 279
1021 1031 : 431
1021 1058 : 675
1021 1071 : 585
1021 2005 : 297
1021 1054 : 250
1021 1017 : 1009
1021 1078 : 360
1021 1077 : 634
1021 1063 : 993
1021 4029 : 256
1021 1070 : 260
1021 1016 : 461
1021 1011 : 256
1021 1005 : 215
1021 1039 : 415
1021 1113 : 1285
1021 1025 : 334
1021 1089 : 299
1021 1023 : 377
1021 1116 : 249
1021 1049 : 520
1021 5000 : 260
1021 1030 : 232
1021 1040 : 435
1021 1065 : 474
1021 1118 : 378
1021 3004 : 275
1021 1131 : 425
1021 1133 : 244
1021 1067 : 315
1021 2065 : 294
1021 2070 : 531
1021 1148 : 276
1021 1107 : 206
1021 2079 : 631
1021 2016 : 319
1021 1195 : 380
1021 2118 : 231
1033 2030 : 213
1033 2045 : 600
1033 1073 : 329
1033 1002 : 549
1033 1076 : 574
1033 1099 : 1193
1033 1109 : 348
1033 1032 : 731
1033 2010 : 1981
1033 2003 : 382
1033 1111 : 343
1033 1008 : 666
1033 1027 : 367
1033 2002 : 186
1033 2021 : 253
1033 2023 : 247
1033 1064 : 375
1033 3013 : 188
1033 1031 : 552
1033 1058 : 499
1033 1071 : 336
1033 2005 : 279
1033 1017 : 1212
1033 1078 : 318
1033 1077 : 302
1033 1063 : 413
1033 4029 : 283
1033 1016 : 713
1033 1005 : 264
1033 4041 : 588
1033 1039 : 551
1033 1113 : 1464
1033 1025 : 243
1033 1115 : 272
1033 1089 : 208
1033 1023 : 405
1033 4043 : 216
1033 1114 : 235
1033 4033 : 517
1033 1049 : 432
1033 5000 : 360
1033 1040 : 377
1033 1065 : 665
1033 2048 : 269
1033 1090 : 321
1033 3004 : 481
1033 1122 : 205
1033 1131 : 347
1033 1133 : 197
1033 1140 : 204
1033 1081 : 276
1033 2070 : 437
1033 1149 : 201
1033 2079 : 333
1033 2016 : 182
1033 1167 : 218
1033 1195 : 203
1033 1232 : 221
1033 1038 : 293
2030 2045 : 569
2030 2022 : 295
2030 1002 : 184
2030 1076 : 285
2030 1099 : 272
2030 1032 : 357
2030 2010 : 1547
2030 2003 : 334
2030 1008 : 294
2030 1031 : 294
2030 1058 : 191
2030 1071 : 193
2030 1017 : 389
2030 1063 : 187
2030 4029 : 256
2030 1113 : 522
2030 2051 : 192
2030 4033 : 202
2030 1049 : 358
2030 1065 : 187
2030 2059 : 288
2030 2079 : 238
2030 2016 : 287
2030 2017 : 212
2030 2007 : 256
2045 1073 : 357
2045 2022 : 646
2045 1002 : 426
2045 1076 : 676
2045 1099 : 588
2045 1109 : 402
2045 1032 : 978
2045 2010 : 3353
2045 2003 : 553
2045 1111 : 406
2045 1008 : 727
2045 2002 : 374
2045 2021 : 476
2045 2023 : 541
2045 1064 : 365
2045 2025 : 335
2045 2041 : 513
2045 3013 : 184
2045 1031 : 910
2045 1058 : 470
2045 1071 : 367
2045 2005 : 414
2045 1017 : 870
2045 1078 : 258
2045 2004 : 239
2045 1077 : 361
2045 1063 : 410
2045 4029 : 887
2045 1016 : 449
2045 2000 : 250
2045 1005 : 223
2045 4041 : 268
2045 1039 : 427
2045 1113 : 1424
2045 2033 : 203
2045 1025 : 441
2045 1089 : 193
2045 2051 : 327
2045 4038 : 285
2045 1023 : 438
2045 4043 : 296
2045 4033 : 595
2045 1049 : 901
2045 5000 : 459
2045 1030 : 263
2045 1040 : 330
2045 1065 : 639
2045 2048 : 320
2045 2055 : 296
2045 1090 : 234
2045 2015 : 262
2045 3004 : 387
2045 1122 : 277
2045 1131 : 484
2045 2059 : 497
2045 2024 : 204
2045 2039 : 351
2045 1084 : 184
2045 1081 : 218
2045 2065 : 217
2045 2070 : 453
2045 1149 : 218
2045 1107 : 247
2045 2079 : 603
2045 2016 : 724
2045 2087 : 193
2045 1195 : 243
2045 2017 : 524
2045 2118 : 203
2045 2007 : 341
2045 1232 : 244
2045 1038 : 218
1073 1002 : 446
1073 1076 : 620
1073 1099 : 534
1073 1109 : 274
1073 1032 : 498
1073 2010 : 1528
1073 2003 : 341
1073 1111 : 290
1073 1008 : 607
1073 2002 : 261
1073 1064 : 413
1073 1031 : 405
1073 1058 : 385
1073 2005 : 187
1073 1017 : 660
1073 1078 : 266
1073 1063 : 658
1073 4029 : 204
1073 1016 : 208
1073 1039 : 199
1073 1113 : 768
1073 1023 : 219
1073 4033 : 366
1073 1049 : 327
1073 5000 : 185
1073 1040 : 254
1073 1065 : 409
1073 1131 : 290
1073 2065 : 189
1073 2070 : 366
1073 2079 : 365
1073 1195 : 231
2022 1002 : 186
2022 1076 : 225
2022 1099 : 200
2022 1109 : 205
2022 1032 : 306
2022 2010 : 1266
2022 2003 : 240
2022 1008 : 263
2022 1031 : 242
2022 1017 : 292
2022 4029 : 399
2022 1113 : 442
2022 4033 : 202
2022 1049 : 315
2022 1065 : 204
2022 2059 : 249
2022 2079 : 218
2022 2016 : 271
2022 2017 : 224
1002 1076 : 751
1002 1099 : 1063
1002 1109 : 404
1002 1032 : 738
1002 2010 : 2339
1002 2003 : 536
1002 1111 : 334
1002 1008 : 1524
1002 1027 : 241
1002 2002 : 359
1002 2021 : 201
1002 2023 : 251
1002 1064 : 381
1002 2025 : 300
1002 1031 : 464
1002 1058 : 741
1002 1071 : 519
1002 2005 : 303
1002 1054 : 208
1002 1017 : 1032
1002 1078 : 353
1002 1077 : 494
1002 1063 : 685
1002 4029 : 299
1002 1070 : 284
1002 1016 : 494
1002 1011 : 274
1002 1005 : 305
1002 4041 : 348
1002 1039 : 433
1002 1113 : 1467
1002 1025 : 272
1002 1115 : 187
1002 1089 : 345
1002 1023 : 522
1002 1116 : 190
1002 4033 : 857
1002 1049 : 468
1002 5000 : 375
1002 1030 : 223
1002 1040 : 389
1002 1065 : 545
1002 1090 : 235
1002 1118 : 398
1002 3004 : 465
1002 1131 : 437
1002 2059 : 195
1002 1133 : 270
1002 1067 : 193
1002 2065 : 284
1002 2070 : 590
1002 1149 : 212
1002 1152 : 204
1002 1107 : 187
1002 2079 : 588
1002 2016 : 309
1002 1167 : 205
1002 1195 : 261
1002 1038 : 227
1076 1099 : 1184
1076 1109 : 407
1076 1032 : 829
1076 2010 : 2919
1076 2003 : 602
1076 1111 : 293
1076 1008 : 1334
1076 2002 : 456
1076 2021 : 296
1076 2023 : 294
1076 1064 : 456
1076 2025 : 287
1076 3013 : 196
1076 1031 : 629
1076 1058 : 667
1076 1071 : 554
1076 2005 : 372
1076 1054 : 244
1076 1017 : 1245
1076 1078 : 690
1076 1077 : 646
1076 1080 : 353
1076 1063 : 830
1076 4029 : 404
1076 1016 : 428
1076 1011 : 267
1076 2000 : 248
1076 1005 : 289
1076 4041 : 239
1076 1039 : 501
1076 1113 : 1414
1076 1025 : 407
1076 1089 : 389
1076 1023 : 537
1076 1116 : 199
1076 4043 : 208
1076 4033 : 862
1076 1049 : 608
1076 5000 : 360
1076 1030 : 299
1076 1040 : 465
1076 1065 : 563
1076 2048 : 219
1076 1090 : 193
1076 2015 : 183
1076 1118 : 303
1076 3004 : 325
1076 1122 : 227
1076 1131 : 510
1076 2059 : 229
1076 1133 : 205
1076 1067 : 348
1076 1084 : 233
1076 2065 : 342
1076 2070 : 676
1076 1149 : 184
1076 1107 : 256
1076 2079 : 779
1076 2016 : 370
1076 1167 : 345
1076 1195 : 348
1076 2017 : 187
1076 2118 : 258
1076 1038 : 203
1099 1109 : 460
1099 1032 : 985
1099 2010 : 2723
1099 2003 : 662
1099 1111 : 402
1099 1008 : 1620
1099 1027 : 197
1099 2002 : 395
1099 2021 : 252
1099 2023 : 306
1099 1064 : 521
1099 2025 : 253
1099 3013 : 285
1099 1031 : 644
1099 1058 : 1122
1099 1071 : 490
1099 2005 : 322
1099 1054 : 288
1099 1017 : 1874
1099 1078 : 531
1099 1077 : 546
1099 1080 : 204
1099 1063 : 866
1099 4029 : 328
1099 1070 : 275
1099 1016 : 775
1099 1011 : 283
1099 2000 : 194
1099 1005 : 237
1099 4041 : 223
1099 1039 : 487
1099 1113 : 1629
1099 1025 : 410
1099 1089 : 544
1099 1023 : 549
1099 1116 : 345
1099 4043 : 205
1099 4033 : 951
1099 1049 : 638
1099 5000 : 346
1099 1030 : 225
1099 1040 : 548
1099 1065 : 677
1099 2048 : 197
1099 1090 : 254
1099 1118 : 390
1099 3004 : 432
1099 1122 : 206
1099 1131 : 476
1099 2059 : 193
1099 1133 : 219
1099 1067 : 256
1099 1141 : 195
1099 1084 : 202
1099 2065 : 300
1099 2070 : 670
1099 1149 : 228
1099 1148 : 228
1099 1107 : 301
1099 2079 : 688
1099 2016 : 433
1099 1195 : 405
1099 2118 : 212
1099 1232 : 196
1109 1032 : 792
1109 2010 : 1675
1109 2003 : 342
1109 1008 : 476
1109 2002 : 211
1109 2021 : 220
1109 2023 : 233
1109 1064 : 309
1109 1031 : 549
1109 1058 : 302
1109 1071 : 272
1109 2005 : 234
1109 1017 : 665
1109 1078 : 226
1109 1077 : 224
1109 1063 : 324
1109 4029 : 298
1109 1016 : 309
1109 4041 : 201
1109 1039 : 206
1109 1023 : 192
1109 4033 : 261
1109 1049 : 485
1109 5000 : 184
1109 1040 : 218
1109 1065 : 368
1109 3004 : 234
1109 1131 : 278
1109 2065 : 194
1109 2070 : 402
1109 2079 : 315
1109 2016 : 191
1032 2010 : 3394
1032 2003 : 668
1032 1111 : 823
1032 1008 : 988
1032 1027 : 255
1032 2002 : 390
1032 2021 : 348
1032 2023 : 369
1032 1064 : 630
1032 2025 : 330
1032 2041 : 195
1032 3013 : 272
1032 1058 : 725
1032 1071 : 456
1032 2005 : 445
1032 2037 : 191
1032 1054 : 433
1032 1017 : 1501
1032 1078 : 358
1032 1077 : 393
1032 1063 : 583
1032 4029 : 487
1032 1016 : 694
1032 1011 : 188
1032 2000 : 324
1032 1005 : 283
1032 4041 : 397
1032 1039 : 597
1032 1113 : 2348
1032 1025 : 401
1032 1115 : 203
1032 1089 : 407
1032 1023 : 425
1032 1116 : 242
1032 4043 : 320
1032 4033 : 758
1032 1049 : 1086
1032 5000 : 424
1032 1030 : 219
1032 1040 : 360
1032 1065 : 877
1032 2048 : 334
1032 1090 : 313
1032 2015 : 192
1032 1118 : 226
1032 3004 : 622
1032 1122 : 304
1032 1131 : 620
1032 2059 : 310
1032 1136 : 186
1032 1133 : 202
1032 1140 : 226
1032 2039 : 186
1032 1120 : 257
1032 1081 : 205
1032 2065 : 451
1032 2070 : 771
1032 1149 : 197
1032 1107 : 353
1032 2079 : 678
1032 2016 : 429
1032 1167 : 205
1032 1172 : 212
1032 2087 : 194
1032 1195 : 351
1032 2017 : 247
1032 2118 : 304
1032 2007 : 224
1032 1232 : 256
1032 1038 : 244
1034 2010 : 238
1034 1017 : 183
1034 1113 : 222
2010 2003 : 3625
2010 1111 : 1573
2010 2038 : 372
2010 1008 : 3479
2010 1027 : 691
2010 2002 : 1822
2010 2021 : 1516
2010 2023 : 1631
2010 1064 : 1352
2010 2025 : 1207
2010 2041 : 652
2010 3013 : 486
2010 1031 : 2564
2010 1058 : 2023
2010 1071 : 1839
2010 2005 : 2277
2010 2037 : 733
2010 1054 : 746
2010 1017 : 3601
2010 1078 : 1376
2010 2004 : 739
2010 1077 : 1654
2010 1080 : 586
2010 1063 : 2005
2010 4029 : 2049
2010 1094 : 239
2010 2019 : 245
2010 1070 : 421
2010 1010 : 233
2010 1016 : 1573
2010 1011 : 747
2010 2000 : 1523
2010 1005 : 703
2010 1053 : 240
2010 4041 : 1064
2010 1029 : 278
2010 1039 : 1528
2010 1113 : 6294
2010 2033 : 583
2010 2027 : 318
2010 1025 : 1227
2010 4040 : 372
2010 1115 : 481
2010 4028 : 410
2010 1089 : 944
2010 2051 : 580
2010 4038 : 722
2010 1023 : 1514
2010 1116 : 641
2010 1045 : 184
2010 2046 : 282
2010 4043 : 1291
2010 1114 : 436
2010 4033 : 2412
2010 1049 : 2527
2010 5000 : 1636
2010 1119 : 337
2010 1030 : 728
2010 1036 : 380
2010 1040 : 1249
2010 1065 : 2043
2010 2048 : 965
2010 3010 : 230
2010 1015 : 236
2010 2008 : 472
2010 2055 : 494
2010 5001 : 581
2010 1090 : 872
2010 2015 : 756
2010 2013 : 321
2010 1118 : 795
2010 1112 : 386
2010 3004 : 1226
2010 1122 : 781
2010 1131 : 1583
2010 1018 : 213
2010 2059 : 1122
2010 1136 : 520
2010 1138 : 404
2010 3005 : 197
2010 1133 : 669
2010 1132 : 487
2010 1140 : 511
2010 1139 : 363
2010 1067 : 541
2010 1141 : 408
2010 2024 : 216
2010 2061 : 296
2010 2039 : 578
2010 1120 : 393
2010 1084 : 620
2010 1145 : 192
2010 6011 : 187
2010 1081 : 529
2010 2065 : 1191
2010 2067 : 291
2010 4064 : 213
2010 2070 : 4111
2010 2069 : 309
2010 1149 : 685
2010 2072 : 323
2010 1148 : 383
2010 2073 : 420
2010 2001 : 559
2010 1152 : 284
2010 1107 : 834
2010 2074 : 241
2010 2071 : 346
2010 2075 : 192
2010 2078 : 190
2010 2079 : 3444
2010 2076 : 494
2010 2062 : 250
2010 1163 : 315
2010 1166 : 211
2010 4080 : 286
2010 2016 : 1877
2010 1167 : 717
2010 1169 : 187
2010 1172 : 353
2010 1173 : 198
2010 2087 : 949
2010 1177 : 234
2010 1182 : 213
2010 1184 : 200
2010 1193 : 202
2010 9000 : 268
2010 9002 : 201
2010 1195 : 986
2010 2101 : 204
2010 2102 : 345
2010 2103 : 238
2010 2104 : 197
2010 2105 : 434
2010 1205 : 269
2010 2017 : 748
2010 2109 : 375
2010 2110 : 354
2010 2117 : 481
2010 2118 : 704
2010 1222 : 268
2010 9349 : 412
2010 1225 : 230
2010 2122 : 394
2010 1228 : 260
2010 2123 : 332
2010 2124 : 263
2010 2007 : 654
2010 2040 : 349
2010 2125 : 302
2010 1232 : 751
2010 1038 : 719
2010 9937 : 467
2010 2143 : 449
2010 2146 : 210
2010 2150 : 243
2003 1111 : 279
2003 1008 : 842
2003 2002 : 437
2003 2021 : 271
2003 2023 : 293
2003 1064 : 318
2003 2025 : 264
2003 1031 : 516
2003 1058 : 449
2003 1071 : 393
2003 1017 : 888
2003 1078 : 305
2003 1077 : 375
2003 1063 : 462
2003 4029 : 410
2003 1016 : 328
2003 1039 : 263
2003 1113 : 1348
2003 1025 : 311
2003 1089 : 215
2003 1023 : 307
2003 4043 : 352
2003 4033 : 518
2003 1049 : 552
2003 5000 : 384
2003 1040 : 247
2003 1065 : 427
2003 3004 : 207
2003 1122 : 184
2003 1131 : 298
2003 2059 : 242
2003 2065 : 243
2003 2070 : 843
2003 2079 : 980
2003 2016 : 329
2003 2087 : 245
2003 1195 : 221
1111 1008 : 440
1111 2002 : 200
1111 1064 : 327
1111 1031 : 537
1111 1058 : 292
1111 1071 : 290
1111 1017 : 618
1111 1077 : 215
1111 1063 : 364
1111 4029 : 238
1111 1016 : 272
1111 1039 : 193
1111 1025 : 205
1111 4033 : 362
1111 1049 : 605
1111 1065 : 389
1111 1131 : 300
1111 2065 : 189
1111 2070 : 325
1111 2079 : 300
1111 2016 : 182
1008 1027 : 190
1008 2002 : 487
1008 2021 : 320
1008 2023 : 390
1008 1064 : 530
1008 2025 : 426
1008 3013 : 197
1008 1031 : 735
1008 1058 : 1322
1008 1071 : 565
1008 2005 : 410
1008 2037 : 183
1008 1054 : 301
1008 1017 : 1644
1008 1078 : 552
1008 2004 : 233
1008 1077 : 616
1008 1080 : 230
1008 1063 : 947
1008 4029 : 326
1008 1070 : 334
1008 1016 : 634
1008 1011 : 459
1008 2000 : 279
1008 1005 : 313
1008 4041 : 208
1008 1039 : 614
1008 1113 : 1947
1008 1025 : 476
1008 1089 : 493
1008 4038 : 194
1008 1023 : 1113
1008 1116 : 311
1008 4043 : 245
1008 4033 : 1271
1008 1049 : 672
1008 5000 : 433
1008 1030 : 364
1008 1040 : 521
1008 1065 : 824
1008 2048 : 187
1008 1090 : 278
1008 2015 : 240
1008 1118 : 783
1008 1112 : 183
1008 3004 : 398
1008 1122 : 186
1008 1131 : 593
1008 2059 : 219
1008 1133 : 277
1008 1067 : 284
1008 1141 : 265
1008 2039 : 201
1008 1084 : 330
1008 2065 : 519
1008 2070 : 852
1008 1149 : 321
1008 1107 : 359
1008 2079 : 978
1008 2016 : 554
1008 1167 : 230
1008 2087 : 268
1008 1195 : 379
1008 2118 : 270
1008 1232 : 193
1027 1064 : 292
1027 1017 : 319
1027 1077 : 206
1027 1063 : 217
1027 1016 : 218
1027 4041 : 300
1027 1029 : 249
1027 1039 : 442
1027 1113 : 720
1027 1115 : 253
1027 1065 : 283
1027 3004 : 358
1027 1131 : 200
1027 2070 : 199
1027 1152 : 337
1027 1038 : 266
2002 2023 : 199
2002 1064 : 204
2002 1031 : 348
2002 1058 : 290
2002 1071 : 222
2002 2005 : 269
2002 1017 : 427
2002 1078 : 219
2002 1077 : 240
2002 1063 : 382
2002 4029 : 210
2002 1016 : 185
2002 1039 : 242
2002 1113 : 758
2002 1025 : 254
2002 1023 : 190
2002 4033 : 399
2002 1049 : 288
2002 5000 : 183
2002 1040 : 217
2002 1065 : 225
2002 1131 : 280
2002 2070 : 466
2002 2079 : 536
2002 2016 : 188
2021 2023 : 206
2021 1031 : 297
2021 1071 : 222
2021 2005 : 215
2021 1017 : 370
2021 4029 : 196
2021 2000 : 205
2021 1113 : 592
2021 4043 : 219
2021 1049 : 313
2021 5000 : 185
2021 1040 : 203
2021 1065 : 270
2021 2070 : 516
2021 2079 : 359
2021 2016 : 191
2023 1031 : 292
2023 2005 : 296
2023 1017 : 416
2023 1078 : 185
2023 1063 : 191
2023 1016 : 260
2023 2000 : 184
2023 1039 : 199
2023 1113 : 708
2023 1023 : 213
2023 4043 : 198
2023 4033 : 270
2023 1049 : 287
2023 1040 : 192
2023 1065 : 241
2023 2070 : 636
2023 2079 : 381
2023 2016 : 221
1064 1031 : 512
1064 1058 : 399
1064 1071 : 321
1064 1054 : 191
1064 1017 : 901
1064 1078 : 219
1064 1077 : 325
1064 1063 : 706
1064 1016 : 372
1064 1005 : 187
1064 4041 : 193
1064 1039 : 396
1064 1113 : 1096
1064 1089 : 250
1064 1023 : 211
1064 4033 : 363
1064 1049 : 391
1064 5000 : 235
1064 1040 : 247
1064 1065 : 499
1064 3004 : 402
1064 1131 : 401
1064 2065 : 199
1064 2070 : 307
1064 1107 : 193
1064 2079 : 292
1064 2016 : 208
1064 1195 : 210
2025 1031 : 207
2025 1058 : 272
2025 1017 : 356
2025 1039 : 204
2025 1113 : 502
2025 4033 : 188
2025 1131 : 207
2025 2070 : 289
2025 2079 : 402
2025 2016 : 286
2041 1017 : 192
2041 1113 : 259
3013 1017 : 312
3013 1113 : 310
3013 1065 : 340
3013 3004 : 295
3013 1131 : 234
1031 1058 : 557
1031 1071 : 352
1031 2005 : 335
1031 1054 : 266
1031 1017 : 1029
1031 1078 : 292
1031 1077 : 407
1031 1063 : 526
1031 4029 : 393
1031 1016 : 535
1031 2000 : 234
1031 1005 : 192
1031 1039 : 405
1031 1113 : 1868
1031 1025 : 460
1031 1089 : 309
1031 1023 : 375
1031 4043 : 252
1031 4033 : 750
1031 1049 : 1203
1031 5000 : 387
1031 1040 : 341
1031 1065 : 797
1031 1090 : 242
1031 3004 : 414
1031 1122 : 182
1031 1131 : 483
1031 2059 : 232
1031 1120 : 232
1031 2065 : 267
1031 2070 : 558
1031 1149 : 209
1031 1107 : 316
1031 2079 : 473
1031 2016 : 368
1031 2087 : 203
1031 1195 : 247
1031 2118 : 192
1031 1038 : 214
1058 1071 : 313
1058 2005 : 263
1058 1054 : 290
1058 1017 : 1326
1058 1078 : 293
1058 1077 : 339
1058 1063 : 757
1058 4029 : 256
1058 1070 : 209
1058 1016 : 594
1058 1039 : 389
1058 1113 : 1293
1058 1025 : 275
1058 1089 : 578
1058 1023 : 438
1058 4033 : 724
1058 1049 : 480
1058 5000 : 292
1058 1040 : 368
1058 1065 : 682
1058 1090 : 201
1058 1118 : 280
1058 3004 : 343
1058 1131 : 414
1058 2059 : 191
1058 2065 : 330
1058 2070 : 437
1058 1149 : 210
1058 1107 : 231
1058 2079 : 527
1058 2016 : 300
1058 1195 : 258
1058 2118 : 226
1071 2005 : 305
1071 1017 : 469
1071 1078 : 246
1071 1063 : 690
1071 4029 : 270
1071 1016 : 291
1071 1039 : 275
1071 1113 : 1128
1071 1025 : 187
1071 1023 : 234
1071 4033 : 395
1071 1049 : 400
1071 5000 : 309
1071 1040 : 266
1071 1065 : 398
1071 1118 : 185
1071 1131 : 238
1071 2070 : 423
1071 2079 : 487
1071 2016 : 190
1071 1195 : 244
2005 1017 : 439
2005 1077 : 204
2005 1063 : 263
2005 4029 : 249
2005 1016 : 283
2005 1039 : 215
2005 1113 : 840
2005 1023 : 240
2005 4043 : 245
2005 4033 : 325
2005 1049 : 340
2005 5000 : 207
2005 1065 : 226
2005 1131 : 215
2005 2070 : 652
2005 2079 : 652
2005 2016 : 194
2037 1113 : 270
2037 2070 : 244
1054 1017 : 358
1054 1053 : 193
1054 1113 : 533
1054 1089 : 306
1054 4033 : 219
1054 1107 : 202
1017 1078 : 612
1017 2004 : 209
1017 1077 : 539
1017 1080 : 210
1017 1063 : 1047
1017 4029 : 438
1017 1070 : 347
1017 1016 : 1831
1017 1011 : 335
1017 2000 : 306
1017 1005 : 360
1017 4041 : 279
1017 1029 : 244
1017 1039 : 677
1017 1113 : 2047
1017 1025 : 640
1017 1115 : 243
1017 1089 : 551
1017 2051 : 186
1017 1023 : 607
1017 1116 : 336
1017 4043 : 298
1017 4033 : 1039
1017 1049 : 971
1017 5000 : 430
1017 1030 : 371
1017 1040 : 560
1017 1065 : 1246
1017 2048 : 245
1017 1090 : 302
1017 2015 : 253
1017 1118 : 297
1017 3004 : 609
1017 1122 : 308
1017 1131 : 745
1017 1018 : 404
1017 2059 : 281
1017 1136 : 203
1017 1133 : 271
1017 1067 : 230
1017 1141 : 219
1017 2039 : 196
1017 1120 : 234
1017 1084 : 197
1017 1081 : 185
1017 2065 : 472
1017 2070 : 877
1017 1149 : 257
1017 1148 : 213
1017 1107 : 413
1017 2079 : 813
1017 2016 : 550
1017 1167 : 228
1017 1172 : 185
1017 2087 : 241
1017 1195 : 511
1017 2017 : 208
1017 2118 : 313
1017 2007 : 190
1017 1232 : 296
1017 1038 : 267
1078 1077 : 259
1078 1063 : 396
1078 1016 : 229
1078 1113 : 600
1078 1089 : 208
1078 1023 : 263
1078 4033 : 430
1078 1049 : 301
1078 1040 : 274
1078 1065 : 295
1078 1131 : 235
1078 2070 : 412
1078 2079 : 314
2004 1113 : 401
2004 2070 : 236
2004 2079 : 206
1077 1063 : 807
1077 1016 : 323
1077 1039 : 302
1077 1113 : 1108
1077 1023 : 251
1077 4033 : 464
1077 1049 : 357
1077 5000 : 241
1077 1040 : 244
1077 1065 : 347
1077 1118 : 203
1077 3004 : 247
1077 1131 : 283
1077 2070 : 306
1077 2079 : 323
1077 2016 : 187
1077 1195 : 189
1080 1113 : 355
1080 4033 : 197
1063 4029 : 262
1063 1016 : 474
1063 1039 : 441
1063 1113 : 1326
1063 1025 : 266
1063 1089 : 280
1063 1023 : 344
1063 1116 : 197
1063 4033 : 654
1063 1049 : 416
1063 5000 : 321
1063 1040 : 354
1063 1065 : 558
1063 1118 : 261
1063 3004 : 295
1063 1131 : 472
1063 1067 : 201
1063 2065 : 278
1063 2070 : 479
1063 1107 : 190
1063 2079 : 485
1063 2016 : 257
1063 1195 : 313
4029 1016 : 185
4029 1113 : 623
4029 2051 : 285
4029 4038 : 190
4029 4033 : 237
4029 1049 : 572
4029 5000 : 213
4029 1065 : 269
4029 2055 : 190
4029 1131 : 225
4029 2059 : 575
4029 2079 : 343
4029 2016 : 308
4029 2017 : 411
4029 2007 : 372
4029 2040 : 186
1094 1067 : 245
1070 1113 : 267
1016 4041 : 192
1016 1039 : 402
1016 1113 : 1278
1016 1025 : 245
1016 1089 : 214
1016 1023 : 371
1016 4033 : 525
1016 1049 : 433
1016 5000 : 243
1016 1040 : 233
1016 1065 : 599
1016 3004 : 406
1016 1131 : 320
1016 1018 : 211
1016 1133 : 186
1016 2070 : 407
1016 2079 : 352
1016 2016 : 206
1016 1195 : 237
1011 1113 : 416
1011 1023 : 193
1011 1040 : 187
1011 2070 : 310
1011 2079 : 237
2000 1113 : 515
2000 4043 : 190
2000 4033 : 186
2000 1049 : 222
2000 2070 : 533
2000 2079 : 377
1005 4041 : 188
1005 1039 : 301
1005 1113 : 506
1005 4033 : 334
1005 1040 : 216
1005 1131 : 189
1005 2070 : 184
1053 1089 : 207
4041 1039 : 329
4041 1113 : 841
4041 1114 : 283
4041 1040 : 204
4041 1065 : 227
4041 2048 : 291
4041 1090 : 183
4041 3004 : 320
4041 1131 : 203
4041 1081 : 215
4041 2070 : 292
4041 1152 : 189
4041 1038 : 210
1029 1113 : 203
1029 1065 : 197
1039 1113 : 1201
1039 1025 : 255
1039 1089 : 222
1039 1023 : 307
1039 4033 : 451
1039 1049 : 219
1039 5000 : 217
1039 1040 : 332
1039 1065 : 745
1039 2048 : 192
1039 1090 : 199
1039 3004 : 702
1039 1131 : 458
1039 1140 : 222
1039 1081 : 212
1039 2070 : 418
1039 1149 : 238
1039 1152 : 230
1039 2079 : 300
1039 2016 : 187
1039 1167 : 238
1039 1205 : 182
1039 1232 : 211
1039 1038 : 578
1113 2033 : 220
1113 2027 : 232
1113 1025 : 661
1113 4040 : 279
1113 1115 : 449
1113 4028 : 203
1113 1089 : 558
1113 4038 : 321
1113 1023 : 942
1113 1116 : 328
1113 4043 : 530
1113 1114 : 344
1113 4033 : 1355
1113 1049 : 1695
1113 5000 : 922
1113 1119 : 190
1113 1030 : 418
1113 1040 : 783
1113 1065 : 1492
1113 2048 : 472
1113 3010 : 253
1113 2008 : 228
1113 5001 : 289
1113 1090 : 537
1113 2015 : 336
1113 1118 : 505
1113 1112 : 204
1113 3004 : 1228
1113 1122 : 425
1113 1131 : 1009
1113 2059 : 355
1113 1136 : 402
1113 1133 : 471
1113 1132 : 316
1113 1140 : 494
1113 1139 : 223
1113 1067 : 235
1113 1141 : 214
1113 2039 : 231
1113 1120 : 359
1113 1084 : 355
1113 1081 : 474
1113 2065 : 593
1113 2070 : 1507
1113 1149 : 494
1113 1148 : 204
1113 2001 : 239
1113 1152 : 387
1113 1107 : 333
1113 2079 : 1356
1113 2076 : 228
1113 1163 : 222
1113 2016 : 758
1113 1167 : 394
1113 2087 : 514
1113 1195 : 449
1113 1205 : 329
1113 2017 : 266
1113 2109 : 187
1113 2117 : 189
1113 2118 : 379
1113 9349 : 211
1113 2007 : 186
1113 1232 : 538
1113 1038 : 610
1113 9937 : 260
2027 3004 : 234
2027 1131 : 187
1025 1023 : 325
1025 4033 : 685
1025 1049 : 471
1025 5000 : 200
1025 1040 : 301
1025 1065 : 446
1025 1131 : 208
1025 2070 : 339
1025 2079 : 314
1115 1040 : 203
1115 1065 : 218
1089 4033 : 356
1089 1049 : 224
1089 1040 : 199
1089 1065 : 250
1089 3004 : 203
1089 1131 : 248
1089 2070 : 205
1089 1107 : 195
1089 2079 : 200
1023 4033 : 603
1023 1049 : 394
1023 5000 : 252
1023 1040 : 260
1023 1065 : 364
1023 3004 : 304
1023 1131 : 252
1023 2065 : 189
1023 2070 : 474
1023 2079 : 402
1023 2016 : 191
1116 1065 : 194
4043 4033 : 206
4043 1049 : 262
4043 1065 : 183
4043 2070 : 415
4033 1049 : 615
4033 5000 : 420
4033 1030 : 222
4033 1040 : 406
4033 1065 : 658
4033 1090 : 212
4033 1118 : 236
4033 3004 : 419
4033 1122 : 220
4033 1131 : 373
4033 1133 : 289
4033 1132 : 231
4033 1067 : 243
4033 1084 : 195
4033 2065 : 296
4033 2070 : 638
4033 1149 : 273
4033 1107 : 193
4033 2079 : 529
4033 2016 : 332
4033 2087 : 202
4033 1195 : 372
4033 1232 : 249
4033 1038 : 207
1049 5000 : 484
1049 1030 : 197
1049 1040 : 245
1049 1065 : 809
1049 1090 : 270
1049 3004 : 271
1049 1122 : 257
1049 1131 : 406
1049 2059 : 279
1049 2065 : 236
1049 2070 : 491
1049 1149 : 187
1049 1107 : 187
1049 2079 : 537
1049 2016 : 343
1049 1195 : 281
1049 2017 : 235
5000 1040 : 225
5000 1065 : 467
5000 3004 : 207
5000 1131 : 200
5000 2070 : 464
5000 1149 : 193
5000 2079 : 322
5000 2016 : 185
5000 1232 : 185
5000 1038 : 225
1030 1065 : 202
1030 2070 : 197
1040 1065 : 629
1040 1090 : 297
1040 1131 : 244
1040 1067 : 195
1040 2070 : 368
1040 2079 : 343
1040 1195 : 306
1065 1015 : 220
1065 1090 : 513
1065 1118 : 187
1065 3004 : 783
1065 1131 : 442
1065 3005 : 245
1065 1133 : 225
1065 1081 : 265
1065 2065 : 227
1065 2070 : 489
1065 1149 : 410
1065 1107 : 200
1065 2079 : 407
1065 2016 : 260
1065 1167 : 183
1065 1195 : 363
1065 1232 : 211
1065 1038 : 323
2048 3004 : 220
2048 2070 : 190
2048 2079 : 202
3010 3004 : 471
1090 3004 : 246
1090 2070 : 206
2013 2016 : 238
1118 2070 : 186
1118 2079 : 230
3004 1131 : 431
3004 1133 : 191
3004 1140 : 241
3004 1081 : 231
3004 2070 : 319
3004 1149 : 209
3004 1152 : 273
3004 1205 : 257
3004 1232 : 200
3004 1038 : 228
1122 2070 : 221
1131 2065 : 233
1131 2070 : 372
1131 1107 : 192
1131 2079 : 339
1131 2016 : 267
1131 1195 : 220
1131 2118 : 191
2059 2079 : 223
2059 2016 : 211
2059 2017 : 223
2059 2007 : 192
1133 2070 : 193
1067 2070 : 187
1067 2079 : 215
1084 2079 : 196
2065 2070 : 455
2065 2079 : 379
2070 2001 : 184
2070 2079 : 1007
2070 2016 : 285
2070 1167 : 189
2070 2087 : 338
2070 1195 : 229
2070 2150 : 207
1152 1212 : 400
1152 1038 : 182
1107 2079 : 187
1107 2016 : 229
2079 2016 : 350
2079 2087 : 309
2079 1195 : 241
2016 2017 : 220
2017 2007 : 347
1232 1038 : 214
1079 1021 2010 : 254
1079 1021 1008 : 200
1079 1033 2010 : 211
1079 2045 2010 : 238
1079 1002 2010 : 301
1079 1002 1008 : 221
1079 1002 1113 : 209
1079 1076 1099 : 241
1079 1076 2010 : 407
1079 1076 1008 : 239
1079 1076 1017 : 213
1079 1076 1113 : 249
1079 1099 2010 : 358
1079 1099 1008 : 215
1079 1099 1017 : 208
1079 1099 1113 : 211
1079 1032 2010 : 279
1079 1032 1113 : 186
1079 2010 2003 : 270
1079 2010 1008 : 427
1079 2010 1031 : 182
1079 2010 1058 : 235
1079 2010 1017 : 365
1079 2010 1063 : 211
1079 2010 1113 : 590
1079 2010 4033 : 312
1079 2010 2070 : 296
1079 2010 2079 : 306
1079 1008 1017 : 222
1079 1008 1113 : 273
1079 1008 4033 : 215
1079 1017 1113 : 218
1079 1113 4033 : 200
2032 1021 2010 : 254
2032 2045 2010 : 182
2032 1076 2010 : 230
2032 1099 2010 : 208
2032 1032 2010 : 227
2032 2010 2003 : 353
2032 2010 1008 : 286
2032 2010 2002 : 190
2032 2010 2005 : 210
2032 2010 1017 : 238
2032 2010 1113 : 495
2032 2010 2070 : 346
2032 2010 2079 : 376
1037 1021 2010 : 197
1037 2045 2010 : 186
1037 1002 2010 : 196
1037 1076 2010 : 234
1037 1099 2010 : 262
1037 1099 1017 : 287
1037 1099 1063 : 187
1037 1099 1113 : 186
1037 1032 2010 : 272
1037 1032 1017 : 212
1037 1032 1113 : 206
1037 2010 2003 : 218
1037 2010 1008 : 301
1037 2010 1064 : 200
1037 2010 1058 : 228
1037 2010 1017 : 387
1037 2010 1063 : 292
1037 2010 1039 : 289
1037 2010 1113 : 373
1037 2010 4033 : 186
1037 2010 1065 : 215
1037 2010 1131 : 184
1037 2010 2070 : 259
1037 2010 2079 : 220
1037 1008 1058 : 186
1037 1008 1017 : 223
1037 1008 1063 : 192
1037 1008 1113 : 189
1037 1064 1017 : 192
1037 1058 1017 : 210
1037 1017 1063 : 218
1037 1017 1016 : 185
1037 1017 1039 : 198
1037 1017 1113 : 262
1037 1017 1065 : 212
1037 1063 1113 : 191
1037 1039 1113 : 215
1021 2045 2010 : 196
1021 1073 2010 : 231
1021 1002 1076 : 201
1021 1002 1099 : 257
1021 1002 2010 : 506
1021 1002 1008 : 388
1021 1002 1017 : 210
1021 1002 1063 : 204
1021 1002 1113 : 306
1021 1002 2079 : 206
1021 1076 1099 : 211
1021 1076 2010 : 388
1021 1076 1008 : 301
1021 1076 1017 : 199
1021 1076 1063 : 197
1021 1076 1113 : 219
1021 1099 2010 : 489
1021 1099 1008 : 310
1021 1099 1017 : 307
1021 1099 1063 : 229
1021 1099 1113 : 252
1021 1032 2010 : 367
1021 1032 1017 : 193
1021 1032 1113 : 225
1021 2010 2003 : 351
1021 2010 1008 : 654
1021 2010 2002 : 190
1021 2010 1058 : 275
1021 2010 1071 : 231
1021 2010 1017 : 471
1021 2010 1077 : 252
1021 2010 1063 : 343
1021 2010 1039 : 191
1021 2010 1113 : 627
1021 2010 1049 : 234
1021 2010 2070 : 326
1021 2010 2079 : 396
1021 2010 2016 : 207
1021 2010 2025 : 185
1021 2003 1008 : 207
1021 2003 1113 : 198
1021 1008 1058 : 245
1021 1008 1017 : 305
1021 1008 1063 : 220
1021 1008 1113 : 373
1021 1008 2079 : 244
1021 1017 1063 : 193
1021 1017 1113 : 263
1021 1063 1113 : 209
1021 1113 2079 : 195
1033 2045 2010 : 202
1033 1002 2010 : 208
1033 1076 2010 : 213
1033 1099 2010 : 384
1033 1099 1008 : 234
1033 1099 1058 : 189
1033 1099 1017 : 381
1033 1099 1113 : 286
1033 1032 2010 : 299
1033 1032 1017 : 209
1033 1032 1113 : 213
1033 2010 2003 : 194
1033 2010 1008 : 255
1033 2010 1031 : 197
1033 2010 1017 : 398
1033 2010 1016 : 227
1033 2010 4041 : 211
1033 2010 1039 : 202
1033 2010 1113 : 521
1033 2010 4033 : 199
1033 2010 1065 : 204
1033 2010 2070 : 210
1033 1008 1017 : 207
1033 1008 1113 : 207
1033 1031 1113 : 183
1033 1017 1016 : 235
1033 1017 1113 : 283
1033 1016 1113 : 231
1033 1039 1113 : 195
2030 2045 2010 : 237
2030 1032 2010 : 188
2030 2010 2003 : 194
2030 2010 1017 : 212
2030 2010 1113 : 300
2045 1076 2010 : 315
2045 1099 2010 : 253
2045 1032 2010 : 394
2045 1032 1113 : 209
2045 2010 2003 : 290
2045 2010 1008 : 418
2045 2010 2002 : 199
2045 2010 2023 : 257
2045 2010 1031 : 383
2045 2010 1058 : 238
2045 2010 2005 : 218
2045 2010 1017 : 436
2045 2010 1063 : 194
2045 2010 4029 : 369
2045 2010 1016 : 210
2045 2010 1039 : 209
2045 2010 1113 : 680
2045 2010 1025 : 228
2045 2010 1023 : 241
2045 2010 4033 : 330
2045 2010 1049 : 353
2045 2010 1065 : 204
2045 2010 2070 : 235
2045 2010 2079 : 347
2045 2010 2016 : 377
2045 2010 2025 : 194
2045 2010 2036 : 209
2045 2010 2022 : 240
2045 1008 1017 : 189
2045 1008 1113 : 234
2045 1031 1113 : 229
2045 1017 1113 : 227
2045 1113 1023 : 183
2045 1113 1049 : 200
1073 1002 2010 : 203
1073 1076 2010 : 257
1073 1099 2010 : 219
1073 1032 2010 : 215
1073 2010 2003 : 190
1073 2010 1008 : 293
1073 2010 1017 : 286
1073 2010 1063 : 200
1073 2010 1113 : 356
1073 2010 2070 : 198
1073 2010 2079 : 224
1073 1008 1017 : 207
1073 1008 1113 : 213
1073 1017 1113 : 189
1002 1076 2010 : 369
1002 1076 1008 : 308
1002 1076 1017 : 203
1002 1076 1113 : 217
1002 1099 2010 : 434
1002 1099 1008 : 348
1002 1099 1017 : 326
1002 1099 1113 : 294
1002 1099 4033 : 184
1002 1109 2010 : 195
1002 1032 2010 : 362
1002 1032 1008 : 211
1002 1032 1017 : 198
1002 1032 1113 : 258
1002 2010 2003 : 307
1002 2010 1008 : 675
1002 2010 1031 : 189
1002 2010 1058 : 319
1002 2010 1071 : 242
1002 2010 2005 : 190
1002 2010 1017 : 444
1002 2010 1077 : 190
1002 2010 1063 : 277
1002 2010 1016 : 217
1002 2010 1113 : 679
1002 2010 1023 : 198
1002 2010 4033 : 365
1002 2010 1049 : 228
1002 2010 1065 : 185
1002 2010 2070 : 335
1002 2010 2079 : 339
1002 2003 1008 : 201
1002 1008 1058 : 296
1002 1008 1017 : 378
1002 1008 1063 : 247
1002 1008 1113 : 447
1002 1008 4033 : 279
1002 1008 2070 : 182
1002 1008 2079 : 254
1002 1058 1017 : 198
1002 1058 1113 : 238
1002 1017 1016 : 187
1002 1017 1113 : 288
1002 1017 4033 : 204
1002 1063 1113 : 215
1002 1113 4033 : 232
1002 1113 2079 : 199
1076 1099 1032 : 193
1076 1099 2010 : 532
1076 1099 1008 : 352
1076 1099 1058 : 211
1076 1099 1017 : 336
1076 1099 1063 : 183
1076 1099 1113 : 287
1076 1099 4033 : 209
1076 1109 2010 : 193
1076 1032 2010 : 395
1076 1032 1008 : 187
1076 1032 1017 : 239
1076 1032 1113 : 246
1076 2010 2003 : 346
1076 2010 1008 : 657
1076 2010 2002 : 211
1076 2010 1031 : 289
1076 2010 1058 : 358
1076 2010 1071 : 209
1076 2010 2005 : 195
1076 2010 1017 : 583
1076 2010 1077 : 271
1076 2010 1063 : 388
1076 2010 4029 : 200
1076 2010 1016 : 218
1076 2010 1039 : 221
1076 2010 1113 : 746
1076 2010 1025 : 186
1076 2010 1023 : 265
1076 2010 4033 : 409
1076 2010 1049 : 283
1076 2010 1040 : 192
1076 2010 1065 : 226
1076 2010 1131 : 227
1076 2010 2070 : 377
1076 2010 2079 : 484
1076 2010 2016 : 229
1076 2010 1078 : 257
1076 1008 1058 : 255
1076 1008 1017 : 344
1076 1008 1063 : 247
1076 1008 1113 : 360
1076 1008 1023 : 230
1076 1008 4033 : 298
1076 1008 2079 : 247
1076 1058 1017 : 230
1076 1058 1113 : 218
1076 1017 1063 : 188
1076 1017 1016 : 186
1076 1017 1113 : 342
1076 1017 4033 : 217
1076 1063 1113 : 222
1076 1113 4033 : 230
1076 1113 2070 : 204
1076 1113 2079 : 276
1099 1109 2010 : 207
1099 1032 2010 : 438
1099 1032 1008 : 241
1099 1032 1058 : 191
1099 1032 1017 : 312
1099 1032 1113 : 309
1099 1032 4033 : 183
1099 2010 2003 : 364
1099 2010 1008 : 675
1099 2010 2002 : 203
1099 2010 1064 : 212
1099 2010 1031 : 279
1099 2010 1058 : 438
1099 2010 1071 : 218
1099 2010 1017 : 744
1099 2010 1077 : 217
1099 2010 1063 : 333
1099 2010 1016 : 328
1099 2010 1039 : 222
1099 2010 1113 : 759
1099 2010 1089 : 198
1099 2010 1023 : 220
1099 2010 4033 : 410
1099 2010 1049 : 248
1099 2010 1040 : 198
1099 2010 1065 : 235
1099 2010 2070 : 352
1099 2010 2079 : 410
1099 2010 2016 : 256
1099 2010 1078 : 225
1099 2003 1017 : 206
1099 2003 1113 : 192
1099 1008 1058 : 348
1099 1008 1017 : 490
1099 1008 1063 : 244
1099 1008 1113 : 430
1099 1008 1023 : 197
1099 1008 4033 : 297
1099 1008 1065 : 198
1099 1008 2079 : 209
1099 1064 1017 : 204
1099 1031 1017 : 190
1099 1031 1113 : 211
1099 1058 1017 : 411
1099 1058 1063 : 216
1099 1058 1113 : 297
1099 1058 4033 : 212
1099 1017 1063 : 309
1099 1017 1016 : 351
1099 1017 1113 : 489
1099 1017 4033 : 283
1099 1017 1065 : 255
1099 1017 2070 : 189
1099 1017 2079 : 183
1099 1063 1113 : 221
1099 1016 1113 : 246
1099 1113 4033 : 253
1099 1113 1065 : 216
1099 1113 2070 : 187
1099 1113 2079 : 215
1109 1032 2010 : 308
1109 2010 2003 : 209
1109 2010 1008 : 267
1109 2010 1031 : 200
1109 2010 1017 : 284
1109 2010 2070 : 206
1109 2010 2079 : 183
1032 2010 2003 : 333
1032 2010 1111 : 324
1032 2010 1008 : 484
1032 2010 2002 : 195
1032 2010 2023 : 186
1032 2010 1064 : 236
1032 2010 1058 : 307
1032 2010 1071 : 189
1032 2010 2005 : 242
1032 2010 1017 : 668
1032 2010 1063 : 213
1032 2010 4029 : 237
1032 2010 1016 : 312
1032 2010 1039 : 269
1032 2010 1113 : 973
1032 2010 1023 : 183
1032 2010 4033 : 379
1032 2010 1049 : 398
1032 2010 1065 : 342
1032 2010 3004 : 222
1032 2010 1131 : 225
1032 2010 2065 : 206
1032 2010 2070 : 415
1032 2010 2079 : 377
1032 2010 2016 : 237
1032 2010 2025 : 182
1032 2003 1113 : 201
1032 1008 1058 : 215
1032 1008 1017 : 290
1032 1008 1113 : 332
1032 1064 1113 : 184
1032 1058 1017 : 249
1032 1058 1113 : 243
1032 1017 1016 : 258
1032 1017 1113 : 399
1032 1017 4033 : 203
1032 1017 1049 : 209
1032 1017 1065 : 260
1032 1016 1113 : 251
1032 1039 1113 : 205
1032 1113 4033 : 228
1032 1113 1049 : 284
1032 1113 1065 : 274
1032 1113 3004 : 193
1032 1113 2070 : 236
1032 1113 2079 : 210
2010 2003 1008 : 519
2010 2003 2002 : 208
2010 2003 1031 : 285
2010 2003 1058 : 247
2010 2003 1071 : 228
2010 2003 1017 : 487
2010 2003 1077 : 236
2010 2003 1063 : 233
2010 2003 4029 : 213
2010 2003 1016 : 187
2010 2003 1113 : 792
2010 2003 4033 : 323
2010 2003 1049 : 304
2010 2003 1065 : 221
2010 2003 2070 : 485
2010 2003 2079 : 600
2010 2003 2016 : 202
2010 1111 1008 : 218
2010 1111 1017 : 244
2010 1111 1049 : 228
2010 1111 2070 : 183
2010 1008 2002 : 265
2010 1008 2023 : 228
2010 1008 1064 : 220
2010 1008 1031 : 327
2010 1008 1058 : 576
2010 1008 1071 : 273
2010 1008 2005 : 254
2010 1008 1017 : 798
2010 1008 1077 : 285
2010 1008 1063 : 441
2010 1008 4029 : 186
2010 1008 1016 : 308
2010 1008 1011 : 264
2010 1008 1039 : 307
2010 1008 1113 : 1029
2010 1008 1025 : 236
2010 1008 1089 : 185
2010 1008 1023 : 444
2010 1008 4033 : 588
2010 1008 1049 : 326
2010 1008 1040 : 236
2010 1008 1065 : 300
2010 1008 1118 : 343
2010 1008 1131 : 279
2010 1008 1084 : 210
2010 1008 2065 : 275
2010 1008 2070 : 518
2010 1008 2079 : 622
2010 1008 2016 : 379
2010 1008 1195 : 206
2010 1008 2025 : 281
2010 1008 1078 : 271
2010 1008 1030 : 212
2010 1008 1107 : 198
2010 1027 1113 : 228
2010 2002 1017 : 200
2010 2002 1113 : 381
2010 2002 4033 : 201
2010 2002 2070 : 252
2010 2002 2079 : 307
2010 2021 1113 : 264
2010 2021 2070 : 238
2010 2023 1017 : 202
2010 2023 1113 : 360
2010 2023 2070 : 333
2010 2023 2079 : 229
2010 1064 1017 : 313
2010 1064 1063 : 228
2010 1064 1113 : 351
2010 1031 1058 : 241
2010 1031 2005 : 188
2010 1031 1017 : 412
2010 1031 1063 : 225
2010 1031 4029 : 183
2010 1031 1016 : 207
2010 1031 1113 : 702
2010 1031 4033 : 318
2010 1031 1049 : 425
2010 1031 1065 : 248
2010 1031 2070 : 287
2010 1031 2079 : 276
2010 1031 2016 : 193
2010 1058 1017 : 549
2010 1058 1063 : 321
2010 1058 1016 : 267
2010 1058 1113 : 573
2010 1058 1023 : 206
2010 1058 4033 : 354
2010 1058 1049 : 232
2010 1058 1065 : 238
2010 1058 1131 : 184
2010 1058 2070 : 238
2010 1058 2079 : 335
2010 1071 1017 : 195
2010 1071 1063 : 241
2010 1071 1113 : 455
2010 1071 2070 : 220
2010 1071 2079 : 297
2010 2005 1017 : 243
2010 2005 1113 : 464
2010 2005 4033 : 196
2010 2005 2070 : 364
2010 2005 2079 : 373
2010 1054 1113 : 214
2010 1017 1077 : 244
2010 1017 1063 : 418
2010 1017 4029 : 203
2010 1017 1016 : 580
2010 1017 1011 : 197
2010 1017 1039 : 279
2010 1017 1113 : 894
2010 1017 1025 : 231
2010 1017 1089 : 192
2010 1017 1023 : 306
2010 1017 4033 : 486
2010 1017 1049 : 393
2010 1017 1040 : 203
2010 1017 1065 : 445
2010 1017 3004 : 202
2010 1017 1131 : 307
2010 1017 2065 : 234
2010 1017 2070 : 488
2010 1017 2079 : 484
2010 1017 2016 : 329
2010 1017 1195 : 222
2010 1017 2025 : 210
2010 1017 1078 : 269
2010 1017 1030 : 211
2010 1077 1063 : 292
2010 1077 1113 : 437
2010 1077 4033 : 195
2010 1077 2079 : 195
2010 1063 1016 : 183
2010 1063 1113 : 483
2010 1063 4033 : 304
2010 1063 1049 : 184
2010 1063 2070 : 254
2010 1063 2079 : 282
2010 1063 1078 : 182
2010 4029 1113 : 321
2010 4029 1049 : 250
2010 4029 2079 : 211
2010 4029 2059 : 230
2010 1016 1113 : 529
2010 1016 4033 : 247
2010 1016 1065 : 203
2010 1016 2070 : 232
2010 1016 2079 : 220
2010 1011 1113 : 231
2010 1011 2070 : 184
2010 2000 1113 : 238
2010 2000 2070 : 269
2010 1005 1113 : 188
2010 4041 1113 : 296
2010 1039 1113 : 476
2010 1039 4033 : 203
2010 1039 3004 : 206
2010 1039 2070 : 229
2010 1113 1025 : 261
2010 1113 1089 : 192
2010 1113 1023 : 450
2010 1113 4033 : 653
2010 1113 1049 : 626
2010 1113 5000 : 331
2010 1113 1040 : 297
2010 1113 1065 : 505
2010 1113 1090 : 192
2010 1113 1118 : 247
2010 1113 3004 : 401
2010 1113 1131 : 377
2010 1113 1133 : 198
2010 1113 1084 : 218
2010 1113 2065 : 283
2010 1113 2070 : 788
2010 1113 2079 : 827
2010 1113 2016 : 476
2010 1113 2087 : 287
2010 1113 1195 : 207
2010 1113 1232 : 233
2010 1113 1038 : 210
2010 1113 2025 : 315
2010 1113 1078 : 280
2010 1113 4043 : 266
2010 1113 2022 : 262
2010 1113 1030 : 230
2010 1113 2048 : 237
2010 1113 2004 : 243
2010 1113 4038 : 188
2010 1113 2015 : 206
2010 1025 4033 : 270
2010 1025 1049 : 187
2010 1023 4033 : 271
2010 1023 1049 : 186
2010 1023 2070 : 267
2010 1023 2079 : 238
2010 4033 1049 : 260
2010 4033 1065 : 228
2010 4033 2070 : 350
2010 4033 2079 : 332
2010 4033 2016 : 210
2010 4033 1078 : 190
2010 1049 5000 : 183
2010 1049 1065 : 255
2010 1049 2070 : 245
2010 1049 2079 : 303
2010 1049 2016 : 187
2010 5000 2070 : 219
2010 1040 2070 : 205
2010 1040 2079 : 201
2010 1065 2070 : 228
2010 1065 2079 : 210
2010 1131 2070 : 194
2010 2065 2070 : 268
2010 2065 2079 : 244
2010 2070 2079 : 628
2010 2070 2016 : 198
2010 2070 2087 : 182
2010 2070 2025 : 185
2010 2070 1078 : 224
2010 2070 4043 : 186
2010 2079 2016 : 232
2010 2079 2087 : 194
2010 2079 2025 : 285
2010 2079 1078 : 185
2003 1008 1113 : 260
2003 1017 1113 : 220
2003 1113 2079 : 249
1008 1064 1017 : 183
1008 1031 1017 : 224
1008 1031 1113 : 263
1008 1031 4033 : 184
1008 1058 1017 : 464
1008 1058 1063 : 306
1008 1058 1113 : 407
1008 1058 1023 : 194
1008 1058 4033 : 261
1008 1058 1065 : 240
1008 1058 2079 : 237
1008 1017 1063 : 310
1008 1017 1016 : 288
1008 1017 1039 : 183
1008 1017 1113 : 508
1008 1017 1023 : 253
1008 1017 4033 : 316
1008 1017 1065 : 266
1008 1017 2070 : 212
1008 1017 2079 : 234
1008 1017 2016 : 190
1008 1063 1113 : 293
1008 1063 4033 : 197
1008 1016 1113 : 208
1008 1039 1113 : 197
1008 1113 1023 : 279
1008 1113 4033 : 344
1008 1113 1049 : 229
1008 1113 1065 : 258
1008 1113 1118 : 209
1008 1113 1131 : 202
1008 1113 2070 : 251
1008 1113 2079 : 336
1008 1113 2016 : 229
1008 1023 4033 : 246
1008 2070 2079 : 201
1064 1017 1063 : 189
1064 1017 1113 : 223
1031 1058 1017 : 198
1031 1058 1113 : 193
1031 1017 1016 : 189
1031 1017 1113 : 309
1031 1017 1049 : 204
1031 1017 1065 : 208
1031 1016 1113 : 188
1031 1113 4033 : 231
1031 1113 1049 : 378
1031 1113 1065 : 261
1058 1017 1063 : 273
1058 1017 1016 : 237
1058 1017 1113 : 346
1058 1017 4033 : 255
1058 1017 1065 : 254
1058 1063 1113 : 224
1058 1016 1113 : 192
1058 1113 4033 : 197
1058 1113 1065 : 226
1017 1063 1016 : 240
1017 1063 1113 : 312
1017 1063 4033 : 193
1017 1016 1113 : 409
1017 1016 4033 : 225
1017 1016 1065 : 234
1017 1039 1113 : 211
1017 1113 1023 : 200
1017 1113 4033 : 279
1017 1113 1049 : 259
1017 1113 1065 : 349
1017 1113 1131 : 210
1017 1113 2070 : 227
1017 1113 2079 : 239
1017 1113 2016 : 190
1017 4033 1065 : 193
1077 1063 1113 : 189
1016 1113 4033 : 182
1016 1113 1065 : 200
1039 1113 3004 : 229
1113 1023 4033 : 192
1113 1065 3004 : 182
1113 2070 2079 : 245
1021 2010 1008 1002 : 205
1021 2010 1008 1113 : 239
1021 2010 1008 1017 : 192
2010 1008 2045 1113 : 182
2010 1008 1002 1113 : 258
2010 1008 1113 1076 : 242
2010 1008 1113 1099 : 236
2010 1008 1113 1017 : 290
2010 1008 1113 1032 : 189
2010 1008 1113 2003 : 189
2010 1008 1113 1058 : 218
2010 1008 1113 4033 : 203
2010 1008 1113 2070 : 185
2010 1008 1113 2079 : 255
2010 1008 1076 1017 : 205
2010 1008 1099 1017 : 234
2010 1008 1017 1058 : 228
2010 1113 1076 1017 : 205
2010 1113 1076 2079 : 214
2010 1113 1099 1017 : 239
2010 1113 1017 1032 : 206
1008 1113 1017 1058 : 182