1163
3005
2076
1029
2027
1141
2143
1148
1139
1222
2001
1036
2073
1070
9349
1112
9937
1205
2033
1152
4040
1120
1015
2004
1084
2039
1116
1067
2037
1136
4038
1114
1140
1132
2055
2041
2015
2007
1011
2051
2118
1030
1080
5001
1115
3013
1118
1107
1232
1133
2025
2087
1005
1054
1122
2036
2048
2017
1081
1027
1167
1195
2065
1038
1149
2059
1089
1090
4043
4043 2010
2022
2030
2030 2010
2016
2016 2010
2000
2000 2010
1078
1078 2010
4041
1025
2023
2023 2010
1111
1111 2010
1023
1023 2010
1064
1064 2010
1040
2002
2002 2010
1073
1073 2010
2005
2005 2010
1109
1109 2010
1016
1016 1113
1016 2010
1016 1017
1077
1077 2010
2021
2021 2010
4029
4029 2010
3004
5000
5000 2010
2032
2032 2010
1039
1039 2010
1131
1131 2010
1058
1058 1113
1058 1008
1058 1017
1058 2010
1071
1071 2010
4033
4033 1113
4033 2010
1063
1063 1113
1063 2010
1021
1021 1113
1021 1008
1021 2010
1002
1002 1113
1002 1008
1002 2010
1037
1037 2010
2079
2079 1113
2079 2010
1079
1079 1113
1079 2010
1033
1033 1113
1033 2010
2003
2003 1113
2003 2010
1031
1031 1113
1031 2010
1099
1099 1008
1099 1113
1099 1017
1099 2010
1076
1076 1008
1076 1113
1076 2010
1049
1049 1113
1049 2010
1065
1065 1113
1065 2010
1008
1008 1017
1008 1113
1008 2010
2070
2070 1113
2070 2010
1032
1032 1017
1032 1113
1032 2010
1017
1017 1113
1017 2010
2045
2045 1113
2045 2010
1113
1113 2010
2010