1079
2032
1001
1203
1014
1037
2036
1021
1033
2030
2045
1073
2022
1002
1076
1099
1109
1032
1034
2010
2003
1111
2038
1008
1027
2002
2021
2023
1064
2025
2041
3013
1031
1058
1071
2005
2037
1054
1017
1078
2004
1077
1012
1080
1063
4030
4029
1094
2019
1070
1010
1016
1011
2000
1005
1053
4041
1029
1039
1113
2033
2027
1025
4040
1115
4035
4028
1089
2051
4038
1023
1116
1045
1035
2046
4043
1114
4033
3014
1049
5000
1119
1030
1036
1040
1065
2048
3010
1015
2008
2055
5001
1090
2015
2013
1118
1112
3004
1122
2058
1128
1131
1018
2059
1136
1138
3005
1133
1132
1140
1139
3000
1142
1067
1141
1135
2024
2061
2039
1120
1084
1145
6011
1081
2065
6012
6017
2067
2064
4064
2070
2069
1149
2072
1148
2073
2001
1152
1107
4032
2074
2071
2078
2079
2076
2062
1163
1166
4080
2016
1167
1169
1172
1173
2087
1176
1177
1182
1184
1193
9000
9002
1195
2102
2103
2105
1205
2017
2109
2110
1212
2117
2118
1222
9345
9349
1225
2122
1228
2123
2124
2007
2040
2125
1232
1038
9937
2143
3024
2150
3030
1079 1021
1079 1033
1079 1002
1079 1076
1079 1099
1079 1032
1079 2010
1079 1008
1079 1017
1079 1113
1079 4033
1079 2070
2032 2010
2032 2003
2032 1113
2032 2070
2032 2079
1037 1033
1037 1076
1037 1099
1037 1032
1037 2010
1037 1008
1037 1064
1037 1058
1037 1017
1037 1063
1037 1039
1037 1113
1037 1065
1037 2070
2036 2010
1021 1002
1021 1076
1021 1099
1021 1032
1021 2010
1021 2003
1021 1008
1021 1058
1021 1071
1021 1017
1021 1077
1021 1063
1021 1113
1021 2079
1033 2045
1033 1002
1033 1076
1033 1099
1033 1032
1033 2010
1033 1008
1033 1031
1033 1017
1033 1016
1033 4041
1033 1039
1033 1113
1033 1065
2030 2045
2030 2010
2045 2022
2045 1076
2045 1099
2045 1032
2045 2010
2045 2003
2045 1008
2045 1031
2045 1017
2045 4029
2045 1113
2045 4033
2045 1049
2045 1065
2045 2079
2045 2016
1073 1076
1073 2010
1073 1008
1073 1017
1073 1063
1073 1113
2022 2010
1002 1076
1002 1099
1002 1032
1002 2010
1002 1008
1002 1058
1002 1017
1002 1063
1002 1113
1002 4033
1002 2070
1002 2079
1076 1099
1076 1032
1076 2010
1076 2003
1076 1008
1076 1031
1076 1058
1076 1071
1076 1017
1076 1078
1076 1077
1076 1063
1076 1113
1076 4033
1076 1049
1076 1065
1076 2070
1076 2079
1099 1032
1099 2010
1099 2003
1099 1008
1099 1031
1099 1058
1099 1017
1099 1077
1099 1063
1099 1016
1099 1113
1099 1023
1099 4033
1099 1049
1099 1040
1099 1065
1099 2070
1099 2079
1109 1032
1109 2010
1109 1031
1109 1017
1032 2010
1032 2003
1032 1111
1032 1008
1032 1064
1032 1058
1032 1017
1032 1063
1032 1016
1032 1039
1032 1113
1032 4033
1032 1049
1032 1065
1032 3004
1032 1131
1032 2070
1032 2079
2010 2003
2010 1111
2010 1008
2010 1027
2010 2002
2010 2021
2010 2023
2010 1064
2010 2025
2010 2041
2010 1031
2010 1058
2010 1071
2010 2005
2010 2037
2010 1054
2010 1017
2010 1078
2010 2004
2010 1077
2010 1080
2010 1063
2010 4029
2010 1016
2010 1011
2010 2000
2010 1005
2010 4041
2010 1039
2010 1113
2010 2033
2010 1025
2010 1089
2010 2051
2010 4038
2010 1023
2010 1116
2010 4043
2010 4033
2010 1049
2010 5000
2010 1030
2010 1040
2010 1065
2010 2048
2010 5001
2010 1090
2010 2015
2010 1118
2010 3004
2010 1122
2010 1131
2010 2059
2010 1133
2010 2039
2010 1084
2010 2065
2010 2070
2010 1149
2010 2001
2010 1107
2010 2079
2010 2016
2010 1167
2010 2087
2010 1195
2010 2017
2010 2118
2010 2007
2010 1232
2010 1038
2003 1008
2003 1017
2003 1113
2003 1049
2003 2070
2003 2079
1111 1017
1111 1049
1008 1031
1008 1058
1008 1071
1008 1017
1008 1078
1008 1077
1008 1063
1008 1016
1008 1039
1008 1113
1008 1023
1008 4033
1008 1049
1008 1065
1008 1118
1008 1131
1008 2070
1008 2079
1008 2016
1027 1113
2002 1113
2021 1113
2023 1113
2023 2070
1064 1017
1064 1063
1064 1113
1031 1058
1031 1017
1031 1113
1031 4033
1031 1049
1031 1065
1031 2070
1058 1017
1058 1063
1058 1016
1058 1113
1058 1089
1058 4033
1058 1065
1071 1063
1071 1113
2005 1113
2005 2070
2005 2079
1017 1078
1017 1063
1017 1016
1017 1039
1017 1113
1017 1025
1017 1089
1017 1023
1017 4033
1017 1049
1017 1040
1017 1065
1017 3004
1017 1131
1017 2070
1017 2079
1017 2016
1078 1113
1077 1063
1077 1113
1063 1113
1063 4033
1063 1065
4029 1113
4029 1049
4029 2059
1016 1113
1016 1065
4041 1113
1039 1113
1039 1065
1039 3004
1039 1038
1113 1025
1113 1089
1113 1023
1113 4033
1113 1049
1113 5000
1113 1040
1113 1065
1113 3004
1113 1131
1113 2065
1113 2070
1113 2079
1113 2016
1113 1038
1025 4033
1023 4033
4033 1049
4033 1065
4033 2070
1049 1065
1040 1065
1065 3004
2070 2079
1079 2010 1113
1021 2010 1008
1021 2010 1113
1002 2010 1008
1002 2010 1113
1076 2010 1008
1076 2010 1017
1076 2010 1113
1099 2010 1008
1099 2010 1017
1099 2010 1113
1032 2010 1017
1032 2010 1113
2010 1008 1017
2010 1008 1113
2010 1008 4033
2010 1008 2079
2010 1008 1058
2010 1017 1113
2010 1017 1058
2010 1017 1016
2010 1113 4033
2010 1113 2070
2010 1113 2003
2010 1113 2079
2010 1113 1058
2010 1113 2045
2010 1113 1031
2010 1113 1049
2010 2070 2079
2010 2003 2079