1079 : 7609
2032 : 6260
1001 : 1219
1203 : 1070
1037 : 7475
2036 : 2851
1021 : 7036
1033 : 7782
2030 : 3959
2045 : 12758
1073 : 5099
2022 : 3687
1002 : 7209
1076 : 8701
1099 : 8586
1109 : 5412
1032 : 10511
1034 : 1121
2010 : 43227
2003 : 8106
1111 : 4839
2038 : 1026
1008 : 9814
1027 : 2997
2002 : 5060
2021 : 5684
2023 : 4722
1064 : 4929
2025 : 2534
2041 : 1954
3013 : 2227
1031 : 8236
1058 : 6398
1071 : 6638
2005 : 5361
2037 : 1841
1054 : 2667
1017 : 11414
1078 : 4437
2004 : 1747
1077 : 5576
1012 : 1026
1080 : 2073
1063 : 6999
4029 : 5687
1094 : 876
2019 : 944
1070 : 1424
1016 : 5494
1011 : 2009
2000 : 4417
1005 : 2655
1053 : 869
4041 : 4518
1029 : 1321
1039 : 6265
1113 : 20297
2033 : 1554
2027 : 1324
1025 : 4706
4040 : 1628
1115 : 2195
4028 : 1129
1089 : 3489
2051 : 2009
4038 : 1863
1023 : 4847
1116 : 1799
1045 : 807
2046 : 1020
4043 : 3676
1114 : 1887
4033 : 6836
3014 : 833
1049 : 8988
5000 : 6233
1119 : 1200
1030 : 2049
1036 : 1409
1040 : 4954
1065 : 9168
2048 : 2876
3010 : 1150
1015 : 1731
2008 : 1073
2055 : 1948
5001 : 2139
1090 : 3581
2015 : 1977
2013 : 781
1118 : 2278
1112 : 1436
3004 : 5891
1122 : 2741
1131 : 6277
1018 : 874
2059 : 3412
1136 : 1849
1138 : 1001
3005 : 1293
1133 : 2399
1132 : 1935
1140 : 1933
1139 : 1382
3000 : 800
1142 : 991
1067 : 1799
1141 : 1332
2039 : 1786
1120 : 1702
1084 : 1752
6011 : 843
1081 : 2910
2065 : 3125
2067 : 793
4064 : 1076
2070 : 10243
2069 : 755
1149 : 3315
2072 : 837
1148 : 1364
2073 : 1417
2001 : 1408
1152 : 1619
1107 : 2293
4032 : 735
2074 : 784
2071 : 1100
2078 : 748
2079 : 7482
2076 : 1320
1163 : 1276
1166 : 953
4080 : 1215
2016 : 4298
1167 : 3081
1169 : 990
1172 : 1010
2087 : 2607
1177 : 1234
1182 : 993
1184 : 940
1193 : 733
9000 : 956
9002 : 728
1195 : 3121
2102 : 918
2105 : 1027
1205 : 1507
2017 : 2878
2109 : 998
2110 : 875
2117 : 1171
2118 : 2047
1222 : 1397
9349 : 1426
1225 : 1015
2122 : 989
1228 : 970
2123 : 812
2007 : 1978
2040 : 1120
2125 : 834
1232 : 2357
1038 : 3192
9937 : 1448
2143 : 1337
2150 : 1261
3030 : 757
1079 1076 : 1078
1079 1099 : 847
1079 2010 : 2244
1079 1008 : 946
1079 1017 : 836
1079 1113 : 1301
2032 2010 : 2252
2032 1113 : 933
1037 1099 : 743
1037 1032 : 730
1037 2010 : 1890
1037 1017 : 1054
1037 1063 : 917
1037 1039 : 965
1037 1113 : 1054
2036 2010 : 984
1021 1002 : 1082
1021 1076 : 810
1021 1099 : 1117
1021 1032 : 776
1021 2010 : 2350
1021 1008 : 1332
1021 1017 : 1009
1021 1063 : 993
1021 1113 : 1285
1033 1099 : 1193
1033 1032 : 731
1033 2010 : 1981
1033 1017 : 1212
1033 1113 : 1464
2030 2010 : 1547
2045 1032 : 978
2045 2010 : 3353
2045 1031 : 910
2045 1017 : 870
2045 4029 : 887
2045 1113 : 1424
2045 1049 : 901
1073 2010 : 1528
1073 1113 : 768
2022 2010 : 1266
1002 1076 : 751
1002 1099 : 1063
1002 1032 : 738
1002 2010 : 2339
1002 1008 : 1524
1002 1058 : 741
1002 1017 : 1032
1002 1113 : 1467
1002 4033 : 857
1076 1099 : 1184
1076 1032 : 829
1076 2010 : 2919
1076 1008 : 1334
1076 1017 : 1245
1076 1063 : 830
1076 1113 : 1414
1076 4033 : 862
1076 2079 : 779
1099 1032 : 985
1099 2010 : 2723
1099 1008 : 1620
1099 1058 : 1122
1099 1017 : 1874
1099 1063 : 866
1099 1016 : 775
1099 1113 : 1629
1099 4033 : 951
1109 1032 : 792
1109 2010 : 1675
1032 2010 : 3394
1032 1111 : 823
1032 1008 : 988
1032 1017 : 1501
1032 1113 : 2348
1032 4033 : 758
1032 1049 : 1086
1032 1065 : 877
1032 2070 : 771
2010 2003 : 3625
2010 1111 : 1573
2010 1008 : 3479
2010 2002 : 1822
2010 2021 : 1516
2010 2023 : 1631
2010 1064 : 1352
2010 2025 : 1207
2010 1031 : 2564
2010 1058 : 2023
2010 1071 : 1839
2010 2005 : 2277
2010 2037 : 733
2010 1054 : 746
2010 1017 : 3601
2010 1078 : 1376
2010 2004 : 739
2010 1077 : 1654
2010 1063 : 2005
2010 4029 : 2049
2010 1016 : 1573
2010 1011 : 747
2010 2000 : 1523
2010 4041 : 1064
2010 1039 : 1528
2010 1113 : 6294
2010 1025 : 1227
2010 1089 : 944
2010 1023 : 1514
2010 4043 : 1291
2010 4033 : 2412
2010 1049 : 2527
2010 5000 : 1636
2010 1030 : 728
2010 1040 : 1249
2010 1065 : 2043
2010 2048 : 965
2010 1090 : 872
2010 2015 : 756
2010 1118 : 795
2010 3004 : 1226
2010 1122 : 781
2010 1131 : 1583
2010 2059 : 1122
2010 2065 : 1191
2010 2070 : 4111
2010 1107 : 834
2010 2079 : 3444
2010 2016 : 1877
2010 2087 : 949
2010 1195 : 986
2010 2017 : 748
2010 1232 : 751
2003 1008 : 842
2003 1017 : 888
2003 1113 : 1348
2003 2070 : 843
2003 2079 : 980
1008 1031 : 735
1008 1058 : 1322
1008 1017 : 1644
1008 1063 : 947
1008 1113 : 1947
1008 1023 : 1113
1008 4033 : 1271
1008 1065 : 824
1008 1118 : 783
1008 2070 : 852
1008 2079 : 978
2002 1113 : 758
1064 1017 : 901
1064 1113 : 1096
1031 1017 : 1029
1031 1113 : 1868
1031 4033 : 750
1031 1049 : 1203
1031 1065 : 797
1058 1017 : 1326
1058 1063 : 757
1058 1113 : 1293
1071 1113 : 1128
2005 1113 : 840
1017 1063 : 1047
1017 1016 : 1831
1017 1113 : 2047
1017 4033 : 1039
1017 1049 : 971
1017 1065 : 1246
1017 1131 : 745
1017 2070 : 877
1017 2079 : 813
1077 1063 : 807
1077 1113 : 1108
1063 1113 : 1326
1016 1113 : 1278
4041 1113 : 841
1039 1113 : 1201
1039 1065 : 745
1113 1023 : 942
1113 4033 : 1355
1113 1049 : 1695
1113 5000 : 922
1113 1040 : 783
1113 1065 : 1492
1113 3004 : 1228
1113 1131 : 1009
1113 2070 : 1507
1113 2079 : 1356
1113 2016 : 758
1049 1065 : 809
1065 3004 : 783
2070 2079 : 1007
1076 2010 1113 : 746
1099 2010 1017 : 744
1099 2010 1113 : 759
2010 1008 1017 : 798
2010 1008 1113 : 1029
2010 1017 1113 : 894
2010 1113 1032 : 973
2010 1113 2079 : 827
2010 1113 2070 : 788
2010 1113 2003 : 792