2071 : 1100
2040 : 1120
1034 : 1121
4028 : 1129
3010 : 1150
2117 : 1171
1119 : 1200
4080 : 1215
1001 : 1219
1177 : 1234
2150 : 1261
1163 : 1276
3005 : 1293
2076 : 1320
1029 : 1321
2027 : 1324
1141 : 1332
2143 : 1337
1148 : 1364
1139 : 1382
1222 : 1397
2001 : 1408
1036 : 1409
2073 : 1417
1070 : 1424
9349 : 1426
1112 : 1436
9937 : 1448
1205 : 1507
2033 : 1554
1152 : 1619
4040 : 1628
1120 : 1702
1015 : 1731
2004 : 1747
1084 : 1752
2039 : 1786
1116 : 1799
1067 : 1799
2037 : 1841
1136 : 1849
4038 : 1863
1114 : 1887
1140 : 1933
1132 : 1935
2055 : 1948
2041 : 1954
2015 : 1977
2007 : 1978
1011 : 2009
2051 : 2009
2118 : 2047
1030 : 2049
1080 : 2073
5001 : 2139
1115 : 2195
3013 : 2227
1118 : 2278
1107 : 2293
1232 : 2357
1133 : 2399
2025 : 2534
2025 2010 : 1207
2087 : 2607
1005 : 2655
1054 : 2667
1122 : 2741
2036 : 2851
2048 : 2876
2017 : 2878
1081 : 2910
1027 : 2997
1167 : 3081
1195 : 3121
2065 : 3125
2065 2010 : 1191
1038 : 3192
1149 : 3315
2059 : 3412
2059 2010 : 1122
1089 : 3489
1090 : 3581
4043 : 3676
4043 2010 : 1291
2022 : 3687
2022 2010 : 1266
2030 : 3959
2030 2010 : 1547
2016 : 4298
2016 2010 : 1877
2000 : 4417
2000 2010 : 1523
1078 : 4437
1078 2010 : 1376
4041 : 4518
1025 : 4706
1025 2010 : 1227
2023 : 4722
2023 2010 : 1631
1111 : 4839
1111 2010 : 1573
1023 : 4847
1023 1008 : 1113
1023 2010 : 1514
1064 : 4929
1064 1113 : 1096
1064 2010 : 1352
1040 : 4954
1040 2010 : 1249
2002 : 5060
2002 2010 : 1822
1073 : 5099
1073 2010 : 1528
2005 : 5361
2005 2010 : 2277
1109 : 5412
1109 2010 : 1675
1016 : 5494
1016 1113 : 1278
1016 2010 : 1573
1016 1017 : 1831
1077 : 5576
1077 1113 : 1108
1077 2010 : 1654
2021 : 5684
2021 2010 : 1516
4029 : 5687
4029 2010 : 2049
3004 : 5891
3004 2010 : 1226
3004 1113 : 1228
5000 : 6233
5000 2010 : 1636
2032 : 6260
2032 2010 : 2252
1039 : 6265
1039 1113 : 1201
1039 2010 : 1528
1131 : 6277
1131 2010 : 1583
1058 : 6398
1058 1099 : 1122
1058 1113 : 1293
1058 1008 : 1322
1058 1017 : 1326
1058 2010 : 2023
1071 : 6638
1071 1113 : 1128
1071 2010 : 1839
4033 : 6836
4033 1008 : 1271
4033 1113 : 1355
4033 2010 : 2412
1063 : 6999
1063 1113 : 1326
1063 2010 : 2005
1021 : 7036
1021 1099 : 1117
1021 1113 : 1285
1021 1008 : 1332
1021 2010 : 2350
1002 : 7209
1002 1113 : 1467
1002 1008 : 1524
1002 2010 : 2339
1037 : 7475
1037 2010 : 1890
2079 : 7482
2079 1113 : 1356
2079 2010 : 3444
1079 : 7609
1079 1113 : 1301
1079 2010 : 2244
1033 : 7782
1033 1099 : 1193
1033 1017 : 1212
1033 1113 : 1464
1033 2010 : 1981
2003 : 8106
2003 1113 : 1348
2003 2010 : 3625
1031 : 8236
1031 1049 : 1203
1031 1113 : 1868
1031 2010 : 2564
1099 : 8586
1099 1076 : 1184
1099 1008 : 1620
1099 1113 : 1629
1099 1017 : 1874
1099 2010 : 2723
1076 : 8701
1076 1017 : 1245
1076 1008 : 1334
1076 1113 : 1414
1076 2010 : 2919
1049 : 8988
1049 1113 : 1695
1049 2010 : 2527
1065 : 9168
1065 1017 : 1246
1065 1113 : 1492
1065 2010 : 2043
1008 : 9814
1008 1017 : 1644
1008 1113 : 1947
1008 2010 : 3479
2070 : 10243
2070 1113 : 1507
2070 2010 : 4111
1032 : 10511
1032 1017 : 1501
1032 1113 : 2348
1032 2010 : 3394
1017 : 11414
1017 1113 : 2047
1017 2010 : 3601
2045 : 12758
2045 1113 : 1424
2045 2010 : 3353
1113 : 20297
1113 2010 : 6294
2010 : 43227