3024 : 560
1014 : 563
1128 : 568
4035 : 571
1173 : 579
6012 : 580
2058 : 603
1010 : 613
4030 : 629
1212 : 629
1135 : 632
1145 : 644
2024 : 648
2061 : 654
2064 : 659
1176 : 659
2124 : 662
9345 : 670
2062 : 684
1035 : 691
2103 : 713
6017 : 719
9002 : 728
1193 : 733
4032 : 735
2078 : 748
2069 : 755
3030 : 757
2013 : 781
2074 : 784
2067 : 793
3000 : 800
1045 : 807
2123 : 812
3014 : 833
2125 : 834
2072 : 837
6011 : 843
1053 : 869
1018 : 874
2110 : 875
1094 : 876
2102 : 918
1184 : 940
2019 : 944
1166 : 953
9000 : 956
1228 : 970
2122 : 989
1169 : 990
1142 : 991
1182 : 993
2109 : 998
1138 : 1001
1172 : 1010
1225 : 1015
2046 : 1020
2038 : 1026
1012 : 1026
2105 : 1027
1203 : 1070
2008 : 1073
4064 : 1076
2071 : 1100
2040 : 1120
1034 : 1121
4028 : 1129
3010 : 1150
2117 : 1171
1119 : 1200
4080 : 1215
1001 : 1219
1177 : 1234
2150 : 1261
1163 : 1276
3005 : 1293
2076 : 1320
1029 : 1321
2027 : 1324
1141 : 1332
2143 : 1337
1148 : 1364
1139 : 1382
1222 : 1397
2001 : 1408
2001 2010 : 559
1036 : 1409
2073 : 1417
1070 : 1424
9349 : 1426
1112 : 1436
9937 : 1448
1205 : 1507
2033 : 1554
2033 2010 : 583
1152 : 1619
4040 : 1628
1120 : 1702
1015 : 1731
2004 : 1747
2004 2010 : 739
1084 : 1752
1084 2010 : 620
2039 : 1786
2039 2010 : 578
1116 : 1799
1116 2010 : 641
1067 : 1799
2037 : 1841
2037 2010 : 733
1136 : 1849
4038 : 1863
4038 2010 : 722
1114 : 1887
1140 : 1933
1132 : 1935
2055 : 1948
2041 : 1954
2041 2010 : 652
2015 : 1977
2015 2010 : 756
2007 : 1978
2007 2010 : 654
1011 : 2009
1011 2010 : 747
2051 : 2009
2051 2010 : 580
2118 : 2047
2118 2010 : 704
1030 : 2049
1030 2010 : 728
1080 : 2073
1080 2010 : 586
5001 : 2139
5001 2010 : 581
1115 : 2195
3013 : 2227
1118 : 2278
1118 1008 : 783
1118 2010 : 795
1107 : 2293
1107 2010 : 834
1232 : 2357
1232 2010 : 751
1133 : 2399
1133 2010 : 669
2025 : 2534
2025 2010 : 1207
2087 : 2607
2087 2010 : 949
1005 : 2655
1005 2010 : 703
1054 : 2667
1054 2010 : 746
1122 : 2741
1122 2010 : 781
2036 : 2851
2036 2010 : 984
2048 : 2876
2048 2010 : 965
2017 : 2878
2017 2010 : 748
1081 : 2910
1027 : 2997
1027 2010 : 691
1027 1113 : 720
1167 : 3081
1167 2010 : 717
1195 : 3121
1195 2010 : 986
2065 : 3125
2065 1113 : 593
2065 2010 : 1191
1038 : 3192
1038 1039 : 578
1038 1113 : 610
1038 2010 : 719
1149 : 3315
1149 2010 : 685
2059 : 3412
2059 4029 : 575
2059 2010 : 1122
1089 : 3489
1089 1017 : 551
1089 1113 : 558
1089 1058 : 578
1089 2010 : 944
1090 : 3581
1090 2010 : 872
4043 : 3676
4043 2010 : 1291
2022 : 3687
2022 2045 : 646
2022 2010 : 1266
2030 : 3959
2030 2045 : 569
2030 2010 : 1547
2016 : 4298
2016 1017 : 550
2016 1008 : 554
2016 2045 : 724
2016 1113 : 758
2016 2010 : 1877
2000 : 4417
2000 2010 : 1523
1078 : 4437
1078 1008 : 552
1078 1113 : 600
1078 1017 : 612
1078 1076 : 690
1078 2010 : 1376
4041 : 4518
4041 1033 : 588
4041 1113 : 841
4041 2010 : 1064
1025 : 4706
1025 1017 : 640
1025 1113 : 661
1025 4033 : 685
1025 2010 : 1227
2023 : 4722
2023 2070 : 636
2023 1113 : 708
2023 2010 : 1631
1111 : 4839
1111 1049 : 605
1111 1017 : 618
1111 1032 : 823
1111 2010 : 1573
1023 : 4847
1023 1099 : 549
1023 4033 : 603
1023 1017 : 607
1023 1113 : 942
1023 1008 : 1113
1023 2010 : 1514
1064 : 4929
1064 1037 : 623
1064 1032 : 630
1064 1063 : 706
1064 1017 : 901
1064 1113 : 1096
1064 2010 : 1352
1040 : 4954
1040 1099 : 548
1040 1017 : 560
1040 1065 : 629
1040 1113 : 783
1040 2010 : 1249
2002 : 5060
2002 1113 : 758
2002 2010 : 1822
1073 : 5099
1073 1008 : 607
1073 1076 : 620
1073 1063 : 658
1073 1017 : 660
1073 1113 : 768
1073 2010 : 1528
2005 : 5361
2005 2070 : 652
2005 2079 : 652
2005 1113 : 840
2005 2010 : 2277
1109 : 5412
1109 1031 : 549
1109 1017 : 665
1109 1032 : 792
1109 2010 : 1675
1016 : 5494
1016 1058 : 594
1016 1065 : 599
1016 1008 : 634
1016 1032 : 694
1016 1033 : 713
1016 1099 : 775
1016 1113 : 1278
1016 2010 : 1573
1016 2010 1017 : 580
1016 1017 : 1831
1077 : 5576
1077 1099 : 546
1077 1008 : 616
1077 1021 : 634
1077 1076 : 646
1077 1063 : 807
1077 1113 : 1108
1077 2010 : 1654
2021 : 5684
2021 1113 : 592
2021 2010 : 1516
4029 : 5687
4029 1049 : 572
4029 1113 : 623
4029 2045 : 887
4029 2010 : 2049
3004 : 5891
3004 1017 : 609
3004 1032 : 622
3004 1039 : 702
3004 1065 : 783
3004 2010 : 1226
3004 1113 : 1228
5000 : 6233
5000 1113 : 922
5000 2010 : 1636
2032 : 6260
2032 2079 : 636
2032 2003 : 657
2032 2070 : 679
2032 1113 : 933
2032 2010 : 2252
1039 : 6265
1039 1033 : 551
1039 1032 : 597
1039 1008 : 614
1039 1017 : 677
1039 1065 : 745
1039 1037 : 965
1039 1113 : 1201
1039 2010 : 1528
1131 : 6277
1131 1008 : 593
1131 1032 : 620
1131 1017 : 745
1131 1113 : 1009
1131 2010 : 1583
1058 : 6398
1058 1031 : 557
1058 1037 : 565
1058 1076 : 667
1058 1021 : 675
1058 1065 : 682
1058 4033 : 724
1058 1032 : 725
1058 1002 : 741
1058 1063 : 757
1058 1099 : 1122
1058 1113 : 1293
1058 1113 2010 : 573
1058 1008 : 1322
1058 1008 2010 : 576
1058 1017 : 1326
1058 1017 2010 : 549
1058 2010 : 2023
1071 : 6638
1071 1076 : 554
1071 1008 : 565
1071 1021 : 585
1071 1063 : 690
1071 1113 : 1128
1071 2010 : 1839
4033 : 6836
4033 2045 : 595
4033 1049 : 615
4033 2070 : 638
4033 1063 : 654
4033 1065 : 658
4033 1079 : 706
4033 1031 : 750
4033 1032 : 758
4033 1002 : 857
4033 1076 : 862
4033 1099 : 951
4033 1017 : 1039
4033 1008 : 1271
4033 1008 2010 : 588
4033 1113 : 1355
4033 1113 2010 : 653
4033 2010 : 2412
1063 : 6999
1063 1065 : 558
1063 1032 : 583
1063 1002 : 685
1063 1076 : 830
1063 1099 : 866
1063 1037 : 917
1063 1008 : 947
1063 1021 : 993
1063 1017 : 1047
1063 1113 : 1326
1063 2010 : 2005
1021 : 7036
1021 1079 : 565
1021 2003 : 598
1021 2079 : 631
1021 1032 : 776
1021 1076 : 810
1021 1017 : 1009
1021 1002 : 1082
1021 1099 : 1117
1021 1113 : 1285
1021 1113 2010 : 627
1021 1008 : 1332
1021 1008 2010 : 654
1021 2010 : 2350
1002 : 7209
1002 1033 : 549
1002 2079 : 588
1002 2070 : 590
1002 1079 : 656
1002 1032 : 738
1002 1076 : 751
1002 1017 : 1032
1002 1099 : 1063
1002 1113 : 1467
1002 1113 2010 : 679
1002 1008 : 1524
1002 1008 2010 : 675
1002 2010 : 2339
1037 : 7475
1037 2070 : 551
1037 1033 : 594
1037 1076 : 651
1037 1065 : 684
1037 1008 : 693
1037 1032 : 730
1037 1099 : 743
1037 1113 : 1054
1037 1017 : 1054
1037 2010 : 1890
2079 : 7482
2079 2045 : 603
2079 1032 : 678
2079 1099 : 688
2079 1076 : 779
2079 1017 : 813
2079 1008 : 978
2079 1008 2010 : 622
2079 2003 : 980
2079 2003 2010 : 600
2079 2070 : 1007
2079 2070 2010 : 628
2079 1113 : 1356
2079 1113 2010 : 827
2079 2010 : 3444
1079 : 7609
1079 2070 : 576
1079 1032 : 578
1079 1033 : 593
1079 1017 : 836
1079 1099 : 847
1079 1008 : 946
1079 1076 : 1078
1079 1113 : 1301
1079 1113 2010 : 590
1079 2010 : 2244
1033 : 7782
1033 1031 : 552
1033 1076 : 574
1033 2045 : 600
1033 1065 : 665
1033 1008 : 666
1033 1032 : 731
1033 1099 : 1193
1033 1017 : 1212
1033 1113 : 1464
1033 2010 : 1981
2003 : 8106
2003 1049 : 552
2003 2045 : 553
2003 1076 : 602
2003 1099 : 662
2003 1032 : 668
2003 1008 : 842
2003 2070 : 843
2003 1017 : 888
2003 1113 : 1348
2003 1113 2010 : 792
2003 2010 : 3625
1031 : 8236
1031 2070 : 558
1031 1076 : 629
1031 1099 : 644
1031 1008 : 735
1031 1065 : 797
1031 2045 : 910
1031 1017 : 1029
1031 1049 : 1203
1031 1113 : 1868
1031 1113 2010 : 702
1031 2010 : 2564
1099 : 8586
1099 2045 : 588
1099 1049 : 638
1099 2070 : 670
1099 1065 : 677
1099 1032 : 985
1099 1076 : 1184
1099 1008 : 1620
1099 1008 2010 : 675
1099 1113 : 1629
1099 1113 2010 : 759
1099 1017 : 1874
1099 1017 2010 : 744
1099 2010 : 2723
1076 : 8701
1076 1065 : 563
1076 1049 : 608
1076 2045 : 676
1076 2070 : 676
1076 1032 : 829
1076 1017 : 1245
1076 1017 2010 : 583
1076 1008 : 1334
1076 1008 2010 : 657
1076 1113 : 1414
1076 1113 2010 : 746
1076 2010 : 2919
1049 : 8988
1049 1008 : 672
1049 1065 : 809
1049 2045 : 901
1049 1017 : 971
1049 1032 : 1086
1049 1113 : 1695
1049 1113 2010 : 626
1049 2010 : 2527
1065 : 9168
1065 2045 : 639
1065 1008 : 824
1065 1032 : 877
1065 1017 : 1246
1065 1113 : 1492
1065 2010 : 2043
1008 : 9814
1008 2045 : 727
1008 2070 : 852
1008 1032 : 988
1008 1017 : 1644
1008 1017 2010 : 798
1008 1113 : 1947
1008 1113 2010 : 1029
1008 2010 : 3479
2070 : 10243
2070 1032 : 771
2070 1017 : 877
2070 1113 : 1507
2070 1113 2010 : 788
2070 2010 : 4111
1032 : 10511
1032 2045 : 978
1032 1017 : 1501
1032 1017 2010 : 668
1032 1113 : 2348
1032 1113 2010 : 973
1032 2010 : 3394
1017 : 11414
1017 2045 : 870
1017 1113 : 2047
1017 1113 2010 : 894
1017 2010 : 3601
2045 : 12758
2045 1113 : 1424
2045 1113 2010 : 680
2045 2010 : 3353
1113 : 20297
1113 2010 : 6294
2010 : 43227