3024
1014
1128
4035
1173
6012
2058
1010
4030
1212
1135
1145
2024
2061
2064
1176
2124
9345
2062
1035
2103
6017
9002
1193
4032
2078
2069
3030
2013
2074
2067
3000
1045
2123
3014
2125
2072
6011
1053
1018
2110
1094
2102
1184
2019
1166
9000
1228
2122
1169
1142
1182
2109
1138
1172
1225
2046
2038
1012
2105
1203
2008
4064
2071
2040
1034
4028
3010
2117
1119
4080
1001
1177
2150
1163
3005
2076
1029
2027
1141
2143
1148
1139
1222
2001
2001 2010
1036
2073
1070
9349
1112
9937
1205
2033
2033 2010
1152
4040
1120
1015
2004
2004 2010
1084
1084 2010
2039
2039 2010
1116
1116 2010
1067
2037
2037 2010
1136
4038
4038 2010
1114
1140
1132
2055
2041
2041 2010
2015
2015 2010
2007
2007 2010
1011
1011 2010
2051
2051 2010
2118
2118 2010
1030
1030 2010
1080
1080 2010
5001
5001 2010
1115
3013
1118
1118 1008
1118 2010
1107
1107 2010
1232
1232 2010
1133
1133 2010
2025
2025 2010
2087
2087 2010
1005
1005 2010
1054
1054 2010
1122
1122 2010
2036
2036 2010
2048
2048 2010
2017
2017 2010
1081
1027
1027 2010
1027 1113
1167
1167 2010
1195
1195 2010
2065
2065 1113
2065 2010
1038
1038 1039
1038 1113
1038 2010
1149
1149 2010
2059
2059 4029
2059 2010
1089
1089 1017
1089 1113
1089 1058
1089 2010
1090
1090 2010
4043
4043 2010
2022
2022 2045
2022 2010
2030
2030 2045
2030 2010
2016
2016 1017
2016 1008
2016 2045
2016 1113
2016 2010
2000
2000 2010
1078
1078 1008
1078 1113
1078 1017
1078 1076
1078 2010
4041
4041 1033
4041 1113
4041 2010
1025
1025 1017
1025 1113
1025 4033
1025 2010
2023
2023 2070
2023 1113
2023 2010
1111
1111 1049
1111 1017
1111 1032
1111 2010
1023
1023 1099
1023 4033
1023 1017
1023 1113
1023 1008
1023 2010
1064
1064 1037
1064 1032
1064 1063
1064 1017
1064 1113
1064 2010
1040
1040 1099
1040 1017
1040 1065
1040 1113
1040 2010
2002
2002 1113
2002 2010
1073
1073 1008
1073 1076
1073 1063
1073 1017
1073 1113
1073 2010
2005
2005 2070
2005 2079
2005 1113
2005 2010
1109
1109 1031
1109 1017
1109 1032
1109 2010
1016
1016 1058
1016 1065
1016 1008
1016 1032
1016 1033
1016 1099
1016 1113
1016 2010
1016 2010 1017
1016 1017
1077
1077 1099
1077 1008
1077 1021
1077 1076
1077 1063
1077 1113
1077 2010
2021
2021 1113
2021 2010
4029
4029 1049
4029 1113
4029 2045
4029 2010
3004
3004 1017
3004 1032
3004 1039
3004 1065
3004 2010
3004 1113
5000
5000 1113
5000 2010
2032
2032 2079
2032 2003
2032 2070
2032 1113
2032 2010
1039
1039 1033
1039 1032
1039 1008
1039 1017
1039 1065
1039 1037
1039 1113
1039 2010
1131
1131 1008
1131 1032
1131 1017
1131 1113
1131 2010
1058
1058 1031
1058 1037
1058 1076
1058 1021
1058 1065
1058 4033
1058 1032
1058 1002
1058 1063
1058 1099
1058 1113
1058 1113 2010
1058 1008
1058 1008 2010
1058 1017
1058 1017 2010
1058 2010
1071
1071 1076
1071 1008
1071 1021
1071 1063
1071 1113
1071 2010
4033
4033 2045
4033 1049
4033 2070
4033 1063
4033 1065
4033 1079
4033 1031
4033 1032
4033 1002
4033 1076
4033 1099
4033 1017
4033 1008
4033 1008 2010
4033 1113
4033 1113 2010
4033 2010
1063
1063 1065
1063 1032
1063 1002
1063 1076
1063 1099
1063 1037
1063 1008
1063 1021
1063 1017
1063 1113
1063 2010
1021
1021 1079
1021 2003
1021 2079
1021 1032
1021 1076
1021 1017
1021 1002
1021 1099
1021 1113
1021 1113 2010
1021 1008
1021 1008 2010
1021 2010
1002
1002 1033
1002 2079
1002 2070
1002 1079
1002 1032
1002 1076
1002 1017
1002 1099
1002 1113
1002 1113 2010
1002 1008
1002 1008 2010
1002 2010
1037
1037 2070
1037 1033
1037 1076
1037 1065
1037 1008
1037 1032
1037 1099
1037 1113
1037 1017
1037 2010
2079
2079 2045
2079 1032
2079 1099
2079 1076
2079 1017
2079 1008
2079 1008 2010
2079 2003
2079 2003 2010
2079 2070
2079 2070 2010
2079 1113
2079 1113 2010
2079 2010
1079
1079 2070
1079 1032
1079 1033
1079 1017
1079 1099
1079 1008
1079 1076
1079 1113
1079 1113 2010
1079 2010
1033
1033 1031
1033 1076
1033 2045
1033 1065
1033 1008
1033 1032
1033 1099
1033 1017
1033 1113
1033 2010
2003
2003 1049
2003 2045
2003 1076
2003 1099
2003 1032
2003 1008
2003 2070
2003 1017
2003 1113
2003 1113 2010
2003 2010
1031
1031 2070
1031 1076
1031 1099
1031 1008
1031 1065
1031 2045
1031 1017
1031 1049
1031 1113
1031 1113 2010
1031 2010
1099
1099 2045
1099 1049
1099 2070
1099 1065
1099 1032
1099 1076
1099 1008
1099 1008 2010
1099 1113
1099 1113 2010
1099 1017
1099 1017 2010
1099 2010
1076
1076 1065
1076 1049
1076 2045
1076 2070
1076 1032
1076 1017
1076 1017 2010
1076 1008
1076 1008 2010
1076 1113
1076 1113 2010
1076 2010
1049
1049 1008
1049 1065
1049 2045
1049 1017
1049 1032
1049 1113
1049 1113 2010
1049 2010
1065
1065 2045
1065 1008
1065 1032
1065 1017
1065 1113
1065 2010
1008
1008 2045
1008 2070
1008 1032
1008 1017
1008 1017 2010
1008 1113
1008 1113 2010
1008 2010
2070
2070 1032
2070 1017
2070 1113
2070 1113 2010
2070 2010
1032
1032 2045
1032 1017
1032 1017 2010
1032 1113
1032 1113 2010
1032 2010
1017
1017 2045
1017 1113
1017 1113 2010
1017 2010
2045
2045 1113
2045 1113 2010
2045 2010
1113
1113 2010
2010