2031 : 373
9001 : 380
9086 : 387
1231 : 389
2106 : 390
1009 : 391
2080 : 394
9100 : 395
9181 : 401
2018 : 409
1066 : 411
1051 : 413
1252 : 414
1237 : 435
2056 : 438
4039 : 442
2060 : 448
1127 : 471
5002 : 471
1168 : 472
1190 : 481
2086 : 483
1160 : 499
2063 : 502
5004 : 502
2101 : 503
2075 : 519
2146 : 520
3006 : 535
2104 : 539
3024 : 560
1014 : 563
1128 : 568
4035 : 571
1173 : 579
6012 : 580
2058 : 603
1010 : 613
4030 : 629
1212 : 629
1212 1152 : 400
1135 : 632
1145 : 644
2024 : 648
2061 : 654
2064 : 659
1176 : 659
2124 : 662
9345 : 670
2062 : 684
1035 : 691
2103 : 713
6017 : 719
9002 : 728
1193 : 733
4032 : 735
2078 : 748
2069 : 755
3030 : 757
2013 : 781
2074 : 784
2067 : 793
3000 : 800
1045 : 807
2123 : 812
3014 : 833
2125 : 834
2072 : 837
6011 : 843
1053 : 869
1018 : 874
1018 1017 : 404
2110 : 875
1094 : 876
2102 : 918
1184 : 940
2019 : 944
1166 : 953
9000 : 956
1228 : 970
2122 : 989
2122 2010 : 394
1169 : 990
1142 : 991
1182 : 993
2109 : 998
2109 2010 : 375
1138 : 1001
1138 2010 : 404
1172 : 1010
1225 : 1015
2046 : 1020
2038 : 1026
2038 2010 : 372
1012 : 1026
2105 : 1027
2105 2010 : 434
1203 : 1070
2008 : 1073
2008 2010 : 472
4064 : 1076
2071 : 1100
2040 : 1120
1034 : 1121
4028 : 1129
4028 2010 : 410
3010 : 1150
3010 3004 : 471
2117 : 1171
2117 2010 : 481
1119 : 1200
4080 : 1215
1001 : 1219
1001 2010 : 439
1177 : 1234
2150 : 1261
1163 : 1276
3005 : 1293
2076 : 1320
2076 2010 : 494
1029 : 1321
2027 : 1324
1141 : 1332
1141 2010 : 408
2143 : 1337
2143 2010 : 449
1148 : 1364
1148 2010 : 383
1139 : 1382
1222 : 1397
2001 : 1408
2001 2010 : 559
1036 : 1409
1036 2010 : 380
2073 : 1417
2073 2010 : 420
1070 : 1424
1070 2010 : 421
9349 : 1426
9349 2010 : 412
1112 : 1436
1112 2010 : 386
9937 : 1448
9937 2010 : 467
1205 : 1507
2033 : 1554
2033 2010 : 583
1152 : 1619
1152 1113 : 387
4040 : 1628
4040 2010 : 372
1120 : 1702
1120 2010 : 393
1015 : 1731
2004 : 1747
2004 1113 : 401
2004 2010 : 739
1084 : 1752
1084 2010 : 620
2039 : 1786
2039 2010 : 578
1116 : 1799
1116 2010 : 641
1067 : 1799
1067 2010 : 541
2037 : 1841
2037 2010 : 733
1136 : 1849
1136 1113 : 402
1136 2010 : 520
4038 : 1863
4038 2010 : 722
1114 : 1887
1114 2010 : 436
1140 : 1933
1140 1113 : 494
1140 2010 : 511
1132 : 1935
1132 2010 : 487
2055 : 1948
2055 2010 : 494
2041 : 1954
2041 2045 : 513
2041 2010 : 652
2015 : 1977
2015 2010 : 756
2007 : 1978
2007 4029 : 372
2007 2010 : 654
1011 : 2009
1011 1113 : 416
1011 1008 : 459
1011 2010 : 747
2051 : 2009
2051 2010 : 580
2118 : 2047
2118 1113 : 379
2118 2010 : 704
1030 : 2049
1030 1008 : 364
1030 1017 : 371
1030 1113 : 418
1030 2010 : 728
1080 : 2073
1080 2010 : 586
5001 : 2139
5001 2010 : 581
1115 : 2195
1115 1113 : 449
1115 2010 : 481
3013 : 2227
3013 2010 : 486
1118 : 2278
1118 1021 : 378
1118 1099 : 390
1118 1002 : 398
1118 1113 : 505
1118 1008 : 783
1118 2010 : 795
1107 : 2293
1107 1017 : 413
1107 2010 : 834
1232 : 2357
1232 1113 : 538
1232 2010 : 751
1133 : 2399
1133 1113 : 471
1133 2010 : 669
2025 : 2534
2025 2079 : 402
2025 1008 : 426
2025 1113 : 502
2025 2010 : 1207
2087 : 2607
2087 1113 : 514
2087 2010 : 949
1005 : 2655
1005 1113 : 506
1005 2010 : 703
1054 : 2667
1054 1032 : 433
1054 1113 : 533
1054 2010 : 746
1122 : 2741
1122 1113 : 425
1122 2010 : 781
2036 : 2851
2036 4029 : 365
2036 2045 : 471
2036 2010 : 984
2048 : 2876
2048 1113 : 472
2048 2010 : 965
2017 : 2878
2017 4029 : 411
2017 2045 : 524
2017 2010 : 748
1081 : 2910
1081 1113 : 474
1081 2010 : 529
1027 : 2997
1027 1033 : 367
1027 1039 : 442
1027 2010 : 691
1027 1113 : 720
1167 : 3081
1167 1113 : 394
1167 2010 : 717
1195 : 3121
1195 4033 : 372
1195 1008 : 379
1195 1021 : 380
1195 1099 : 405
1195 1113 : 449
1195 1017 : 511
1195 2010 : 986
2065 : 3125
2065 2079 : 379
2065 1032 : 451
2065 2070 : 455
2065 1017 : 472
2065 1008 : 519
2065 1113 : 593
2065 2010 : 1191
1038 : 3192
1038 1039 : 578
1038 1113 : 610
1038 2010 : 719
1149 : 3315
1149 1065 : 410
1149 1113 : 494
1149 2010 : 685
2059 : 3412
2059 2045 : 497
2059 4029 : 575
2059 2010 : 1122
1089 : 3489
1089 1076 : 389
1089 1032 : 407
1089 1008 : 493
1089 1099 : 544
1089 1017 : 551
1089 1113 : 558
1089 1058 : 578
1089 2010 : 944
1090 : 3581
1090 1065 : 513
1090 1113 : 537
1090 2010 : 872
4043 : 3676
4043 2070 : 415
4043 1113 : 530
4043 2010 : 1291
2022 : 3687
2022 4029 : 399
2022 1113 : 442
2022 2045 : 646
2022 2010 : 1266
2030 : 3959
2030 1017 : 389
2030 1113 : 522
2030 2045 : 569
2030 2010 : 1547
2016 : 4298
2016 1031 : 368
2016 1076 : 370
2016 1032 : 429
2016 1099 : 433
2016 1017 : 550
2016 1008 : 554
2016 1008 2010 : 379
2016 2045 : 724
2016 2045 2010 : 377
2016 1113 : 758
2016 1113 2010 : 476
2016 2010 : 1877
2000 : 4417
2000 2079 : 377
2000 1113 : 515
2000 2070 : 533
2000 2010 : 1523
1078 : 4437
1078 1063 : 396
1078 2070 : 412
1078 4033 : 430
1078 1099 : 531
1078 1008 : 552
1078 1113 : 600
1078 1017 : 612
1078 1076 : 690
1078 2010 : 1376
4041 : 4518
4041 1032 : 397
4041 1033 : 588
4041 1113 : 841
4041 2010 : 1064
1025 : 4706
1025 1032 : 401
1025 1076 : 407
1025 1099 : 410
1025 2045 : 441
1025 1065 : 446
1025 1031 : 460
1025 1049 : 471
1025 1008 : 476
1025 1017 : 640
1025 1113 : 661
1025 4033 : 685
1025 2010 : 1227
2023 : 4722
2023 1032 : 369
2023 2079 : 381
2023 1008 : 390
2023 1017 : 416
2023 2045 : 541
2023 2070 : 636
2023 1113 : 708
2023 2010 : 1631
1111 : 4839
1111 1063 : 364
1111 1065 : 389
1111 1099 : 402
1111 2045 : 406
1111 1008 : 440
1111 1031 : 537
1111 1049 : 605
1111 1017 : 618
1111 1032 : 823
1111 2010 : 1573
1023 : 4847
1023 1065 : 364
1023 1016 : 371
1023 1031 : 375
1023 1021 : 377
1023 1049 : 394
1023 2079 : 402
1023 1033 : 405
1023 1032 : 425
1023 2045 : 438
1023 1058 : 438
1023 1079 : 458
1023 2070 : 474
1023 1002 : 522
1023 1076 : 537
1023 1099 : 549
1023 4033 : 603
1023 1017 : 607
1023 1113 : 942
1023 1113 2010 : 450
1023 1008 : 1113
1023 1008 2010 : 444
1023 2010 : 1514
1064 : 4929
1064 2045 : 365
1064 1016 : 372
1064 1033 : 375
1064 1002 : 381
1064 1049 : 391
1064 1039 : 396
1064 1058 : 399
1064 1131 : 401
1064 3004 : 402
1064 1073 : 413
1064 1076 : 456
1064 1065 : 499
1064 1021 : 501
1064 1031 : 512
1064 1099 : 521
1064 1008 : 530
1064 1037 : 623
1064 1032 : 630
1064 1063 : 706
1064 1017 : 901
1064 1113 : 1096
1064 2010 : 1352
1040 : 4954
1040 1058 : 368
1040 2070 : 368
1040 1033 : 377
1040 1002 : 389
1040 4033 : 406
1040 1021 : 435
1040 1037 : 438
1040 1079 : 464
1040 1076 : 465
1040 1008 : 521
1040 1099 : 548
1040 1017 : 560
1040 1065 : 629
1040 1113 : 783
1040 2010 : 1249
2002 : 5060
2002 1021 : 367
2002 2045 : 374
2002 1063 : 382
2002 1032 : 390
2002 1099 : 395
2002 4033 : 399
2002 2032 : 427
2002 1017 : 427
2002 2003 : 437
2002 1076 : 456
2002 2070 : 466
2002 1008 : 487
2002 2079 : 536
2002 1113 : 758
2002 1113 2010 : 381
2002 2010 : 1822
1073 : 5099
1073 2079 : 365
1073 4033 : 366
1073 2070 : 366
1073 1058 : 385
1073 1031 : 405
1073 1065 : 409
1073 1079 : 414
1073 1002 : 446
1073 1037 : 494
1073 1032 : 498
1073 1021 : 532
1073 1099 : 534
1073 1008 : 607
1073 1076 : 620
1073 1063 : 658
1073 1017 : 660
1073 1113 : 768
1073 2010 : 1528
2005 : 5361
2005 1076 : 372
2005 2032 : 394
2005 1008 : 410
2005 2045 : 414
2005 1017 : 439
2005 1032 : 445
2005 2070 : 652
2005 2070 2010 : 364
2005 2079 : 652
2005 2079 2010 : 373
2005 1113 : 840
2005 1113 2010 : 464
2005 2010 : 2277
1109 : 5412
1109 1065 : 368
1109 1037 : 386
1109 2045 : 402
1109 2070 : 402
1109 1002 : 404
1109 1076 : 407
1109 1099 : 460
1109 1008 : 476
1109 1049 : 485
1109 1031 : 549
1109 1017 : 665
1109 1032 : 792
1109 2010 : 1675
1016 : 5494
1016 1079 : 376
1016 1037 : 381
1016 1039 : 402
1016 3004 : 406
1016 2070 : 407
1016 1076 : 428
1016 1049 : 433
1016 2045 : 449
1016 1021 : 461
1016 1063 : 474
1016 1002 : 494
1016 4033 : 525
1016 1031 : 535
1016 1058 : 594
1016 1065 : 599
1016 1008 : 634
1016 1032 : 694
1016 1033 : 713
1016 1099 : 775
1016 1113 : 1278
1016 1113 1017 : 409
1016 1113 2010 : 529
1016 2010 : 1573
1016 2010 1017 : 580
1016 1017 : 1831
1077 : 5576
1077 2003 : 375
1077 1037 : 376
1077 1032 : 393
1077 1031 : 407
1077 1079 : 439
1077 4033 : 464
1077 1002 : 494
1077 1017 : 539
1077 1099 : 546
1077 1008 : 616
1077 1021 : 634
1077 1076 : 646
1077 1063 : 807
1077 1113 : 1108
1077 1113 2010 : 437
1077 2010 : 1654
2021 : 5684
2021 1017 : 370
2021 2045 : 476
2021 2070 : 516
2021 1113 : 592
2021 2010 : 1516
4029 : 5687
4029 1031 : 393
4029 1076 : 404
4029 2003 : 410
4029 1017 : 438
4029 1032 : 487
4029 1049 : 572
4029 1113 : 623
4029 2045 : 887
4029 2045 2010 : 369
4029 2010 : 2049
3004 : 5891
3004 2045 : 387
3004 1008 : 398
3004 1031 : 414
3004 4033 : 419
3004 1037 : 424
3004 1131 : 431
3004 1099 : 432
3004 1002 : 465
3004 1033 : 481
3004 1017 : 609
3004 1032 : 622
3004 1039 : 702
3004 1065 : 783
3004 2010 : 1226
3004 2010 1113 : 401
3004 1113 : 1228
5000 : 6233
5000 1002 : 375
5000 2003 : 384
5000 1031 : 387
5000 4033 : 420
5000 1032 : 424
5000 1017 : 430
5000 1008 : 433
5000 2045 : 459
5000 2070 : 464
5000 1065 : 467
5000 1049 : 484
5000 1113 : 922
5000 2010 : 1636
2032 : 6260
2032 1099 : 375
2032 2045 : 375
2032 1076 : 418
2032 1021 : 438
2032 1032 : 441
2032 1017 : 471
2032 1008 : 518
2032 2079 : 636
2032 2079 2010 : 376
2032 2003 : 657
2032 2070 : 679
2032 1113 : 933
2032 1113 2010 : 495
2032 2010 : 2252
1039 : 6265
1039 1058 : 389
1039 1031 : 405
1039 1079 : 413
1039 1021 : 415
1039 2070 : 418
1039 2045 : 427
1039 1002 : 433
1039 1063 : 441
1039 4033 : 451
1039 1131 : 458
1039 1099 : 487
1039 1076 : 501
1039 1033 : 551
1039 1032 : 597
1039 1008 : 614
1039 1017 : 677
1039 1065 : 745
1039 1037 : 965
1039 1113 : 1201
1039 1113 2010 : 476
1039 2010 : 1528
1131 : 6277
1131 2070 : 372
1131 4033 : 373
1131 1049 : 406
1131 1058 : 414
1131 1021 : 425
1131 1002 : 437
1131 1065 : 442
1131 1063 : 472
1131 1099 : 476
1131 1031 : 483
1131 2045 : 484
1131 1076 : 510
1131 1037 : 511
1131 1008 : 593
1131 1032 : 620
1131 1017 : 745
1131 1113 : 1009
1131 1113 2010 : 377
1131 2010 : 1583
1058 : 6398
1058 2070 : 437
1058 2003 : 449
1058 2045 : 470
1058 1049 : 480
1058 1079 : 487
1058 1033 : 499
1058 2079 : 527
1058 1031 : 557
1058 1037 : 565
1058 1076 : 667
1058 1021 : 675
1058 1065 : 682
1058 4033 : 724
1058 1032 : 725
1058 1002 : 741
1058 1063 : 757
1058 1099 : 1122
1058 1099 1017 : 411
1058 1099 2010 : 438
1058 1113 : 1293
1058 1113 1008 : 407
1058 1113 2010 : 573
1058 1008 : 1322
1058 1008 1017 : 464
1058 1008 2010 : 576
1058 1017 : 1326
1058 1017 2010 : 549
1058 2010 : 2023
1071 : 6638
1071 2045 : 367
1071 2003 : 393
1071 4033 : 395
1071 1065 : 398
1071 1049 : 400
1071 1037 : 405
1071 2070 : 423
1071 1032 : 456
1071 1079 : 469
1071 1017 : 469
1071 2079 : 487
1071 1099 : 490
1071 1002 : 519
1071 1076 : 554
1071 1008 : 565
1071 1021 : 585
1071 1063 : 690
1071 1113 : 1128
1071 1113 2010 : 455
1071 2010 : 1839
4033 : 6836
4033 1037 : 437
4033 1033 : 517
4033 2003 : 518
4033 2079 : 529
4033 2045 : 595
4033 1049 : 615
4033 2070 : 638
4033 1063 : 654
4033 1065 : 658
4033 1079 : 706
4033 1031 : 750
4033 1032 : 758
4033 1032 2010 : 379
4033 1002 : 857
4033 1002 2010 : 365
4033 1076 : 862
4033 1076 2010 : 409
4033 1099 : 951
4033 1099 2010 : 410
4033 1017 : 1039
4033 1017 2010 : 486
4033 1008 : 1271
4033 1008 2010 : 588
4033 1113 : 1355
4033 1113 2010 : 653
4033 2010 : 2412
1063 : 6999
1063 2045 : 410
1063 1033 : 413
1063 1049 : 416
1063 2003 : 462
1063 2070 : 479
1063 2079 : 485
1063 1079 : 499
1063 1031 : 526
1063 1065 : 558
1063 1032 : 583
1063 1002 : 685
1063 1076 : 830
1063 1076 2010 : 388
1063 1099 : 866
1063 1037 : 917
1063 1008 : 947
1063 1008 2010 : 441
1063 1021 : 993
1063 1017 : 1047
1063 1017 2010 : 418
1063 1113 : 1326
1063 1113 2010 : 483
1063 2010 : 2005
1021 : 7036
1021 2045 : 390
1021 1031 : 431
1021 1065 : 474
1021 1049 : 520
1021 1037 : 521
1021 2070 : 531
1021 1079 : 565
1021 2003 : 598
1021 2079 : 631
1021 2079 2010 : 396
1021 1032 : 776
1021 1032 2010 : 367
1021 1076 : 810
1021 1076 2010 : 388
1021 1017 : 1009
1021 1017 2010 : 471
1021 1002 : 1082
1021 1002 1008 : 388
1021 1002 2010 : 506
1021 1099 : 1117
1021 1099 2010 : 489
1021 1113 : 1285
1021 1113 1008 : 373
1021 1113 2010 : 627
1021 1008 : 1332
1021 1008 2010 : 654
1021 2010 : 2350
1002 : 7209
1002 2045 : 426
1002 1037 : 449
1002 1031 : 464
1002 1049 : 468
1002 2003 : 536
1002 1065 : 545
1002 1033 : 549
1002 2079 : 588
1002 2070 : 590
1002 1079 : 656
1002 1032 : 738
1002 1076 : 751
1002 1076 2010 : 369
1002 1017 : 1032
1002 1017 1008 : 378
1002 1017 2010 : 444
1002 1099 : 1063
1002 1099 2010 : 434
1002 1113 : 1467
1002 1113 1008 : 447
1002 1113 2010 : 679
1002 1008 : 1524
1002 1008 2010 : 675
1002 2010 : 2339
1037 : 7475
1037 2003 : 418
1037 2079 : 443
1037 1079 : 453
1037 1031 : 476
1037 2045 : 488
1037 1049 : 496
1037 2070 : 551
1037 1033 : 594
1037 1076 : 651
1037 1065 : 684
1037 1008 : 693
1037 1032 : 730
1037 1099 : 743
1037 1113 : 1054
1037 1113 2010 : 373
1037 1017 : 1054
1037 1017 2010 : 387
1037 2010 : 1890
2079 : 7482
2079 1065 : 407
2079 1031 : 473
2079 1079 : 532
2079 1049 : 537
2079 2045 : 603
2079 1032 : 678
2079 1032 2010 : 377
2079 1099 : 688
2079 1099 2010 : 410
2079 1076 : 779
2079 1076 2010 : 484
2079 1017 : 813
2079 1017 2010 : 484
2079 1008 : 978
2079 1008 2010 : 622
2079 2003 : 980
2079 2003 2010 : 600
2079 2070 : 1007
2079 2070 2010 : 628
2079 1113 : 1356
2079 1113 2010 : 827
2079 2010 : 3444
1079 : 7609
1079 1049 : 418
1079 1031 : 447
1079 1065 : 485
1079 2003 : 493
1079 2045 : 510
1079 2070 : 576
1079 1032 : 578
1079 1033 : 593
1079 1017 : 836
1079 1017 2010 : 365
1079 1099 : 847
1079 1008 : 946
1079 1008 2010 : 427
1079 1076 : 1078
1079 1076 2010 : 407
1079 1113 : 1301
1079 1113 2010 : 590
1079 2010 : 2244
1033 : 7782
1033 2003 : 382
1033 1049 : 432
1033 2070 : 437
1033 1031 : 552
1033 1076 : 574
1033 2045 : 600
1033 1065 : 665
1033 1008 : 666
1033 1032 : 731
1033 1099 : 1193
1033 1099 1017 : 381
1033 1099 2010 : 384
1033 1017 : 1212
1033 1017 2010 : 398
1033 1113 : 1464
1033 1113 2010 : 521
1033 2010 : 1981
2003 : 8106
2003 1065 : 427
2003 1031 : 516
2003 1049 : 552
2003 2045 : 553
2003 1076 : 602
2003 1099 : 662
2003 1099 2010 : 364
2003 1032 : 668
2003 1008 : 842
2003 1008 2010 : 519
2003 2070 : 843
2003 2070 2010 : 485
2003 1017 : 888
2003 1017 2010 : 487
2003 1113 : 1348
2003 1113 2010 : 792
2003 2010 : 3625
1031 : 8236
1031 2070 : 558
1031 1076 : 629
1031 1099 : 644
1031 1008 : 735
1031 1065 : 797
1031 2045 : 910
1031 2045 2010 : 383
1031 1017 : 1029
1031 1017 2010 : 412
1031 1049 : 1203
1031 1049 1113 : 378
1031 1049 2010 : 425
1031 1113 : 1868
1031 1113 2010 : 702
1031 2010 : 2564
1099 : 8586
1099 2045 : 588
1099 1049 : 638
1099 2070 : 670
1099 1065 : 677
1099 1032 : 985
1099 1032 2010 : 438
1099 1076 : 1184
1099 1076 2010 : 532
1099 1008 : 1620
1099 1008 1113 : 430
1099 1008 1017 : 490
1099 1008 2010 : 675
1099 1113 : 1629
1099 1113 1017 : 489
1099 1113 2010 : 759
1099 1017 : 1874
1099 1017 2010 : 744
1099 2010 : 2723
1076 : 8701
1076 1065 : 563
1076 1049 : 608
1076 2045 : 676
1076 2070 : 676
1076 2070 2010 : 377
1076 1032 : 829
1076 1032 2010 : 395
1076 1017 : 1245
1076 1017 2010 : 583
1076 1008 : 1334
1076 1008 2010 : 657
1076 1113 : 1414
1076 1113 2010 : 746
1076 2010 : 2919
1049 : 8988
1049 2070 : 491
1049 1008 : 672
1049 1065 : 809
1049 2045 : 901
1049 1017 : 971
1049 1017 2010 : 393
1049 1032 : 1086
1049 1032 2010 : 398
1049 1113 : 1695
1049 1113 2010 : 626
1049 2010 : 2527
1065 : 9168
1065 2070 : 489
1065 2045 : 639
1065 1008 : 824
1065 1032 : 877
1065 1017 : 1246
1065 1017 2010 : 445
1065 1113 : 1492
1065 1113 2010 : 505
1065 2010 : 2043
1008 : 9814
1008 2045 : 727
1008 2045 2010 : 418
1008 2070 : 852
1008 2070 2010 : 518
1008 1032 : 988
1008 1032 2010 : 484
1008 1017 : 1644
1008 1017 1113 : 508
1008 1017 2010 : 798
1008 1113 : 1947
1008 1113 2010 : 1029
1008 2010 : 3479
2070 : 10243
2070 2045 : 453
2070 1032 : 771
2070 1032 2010 : 415
2070 1017 : 877
2070 1017 2010 : 488
2070 1113 : 1507
2070 1113 2010 : 788
2070 2010 : 4111
1032 : 10511
1032 2045 : 978
1032 2045 2010 : 394
1032 1017 : 1501
1032 1017 1113 : 399
1032 1017 2010 : 668
1032 1113 : 2348
1032 1113 2010 : 973
1032 2010 : 3394
1017 : 11414
1017 2045 : 870
1017 2045 2010 : 436
1017 1113 : 2047
1017 1113 2010 : 894
1017 2010 : 3601
2045 : 12758
2045 1113 : 1424
2045 1113 2010 : 680
2045 2010 : 3353
1113 : 20297
1113 2010 : 6294
2010 : 43227