1079
2032
1001
1004
1203
1014
1037
2036
1021
1033
2030
2045
1073
2022
1002
1076
1099
1109
1032
1034
2010
2003
1111
2038
1008
1027
2002
2021
2023
1064
2025
2034
2041
3013
1031
1058
1071
1066
2005
2037
1054
2031
1017
1078
2004
1077
1012
1080
1063
4030
4029
1094
2019
1070
4027
1010
1016
1011
2000
1005
1053
4041
1029
1039
1113
2033
2027
1025
4040
1115
4035
4028
1089
2051
4038
1023
1116
2050
1045
1028
1035
2046
4043
1114
4033
3014
1049
5000
1119
1030
1036
1040
1065
2048
3010
1015
2008
2055
5001
1090
2015
2013
1118
1121
1112
3004
1122
2056
4034
1127
5002
2058
1128
1131
1018
2059
4039
1136
1138
3005
1133
1132
1140
1139
3000
1051
1142
1067
1141
1135
2024
2061
2039
1120
1084
1145
1125
6011
2060
6005
6001
6004
1081
1009
3006
2065
6012
6017
2067
2066
2063
4067
2064
4064
6020
6006
2070
1126
6014
2069
1149
2018
2072
1148
2073
2001
1152
1107
4032
2074
7009
2071
1156
2075
2078
1160
2079
2076
2062
2080
1163
1165
1166
6021
4080
2052
7014
2016
1167
5004
1169
2086
2084
1172
1173
1168
2087
2091
1176
1177
1026
1178
1179
1182
1184
8000
1190
1189
2096
1193
9000
9001
9002
1195
2100
1197
2101
2102
5019
9062
2103
9086
9066
9095
9100
9057
9099
9010
9120
9117
9133
2104
9105
2105
9131
9028
2106
9153
1205
9181
9004
2108
2017
1207
2109
2110
1212
1214
1213
2111
1215
2112
1218
2117
2118
9336
9344
1222
9345
9349
1225
2122
9337
1228
2123
2124
2007
2040
2125
1232
1231
9900
2133
1237
1038
9924
9937
2131
2143
2144
2146
2148
1246
3024
2150
1249
3037
1251
1252
1253
1059
1255
2162
3030
1057
4361
1079 2032
1079 1037
1079 1021
1079 1033
1079 2030
1079 2045
1079 1073
1079 1002
1079 1076
1079 1099
1079 1109
1079 1032
1079 2010
1079 2003
1079 1111
1079 1008
1079 1027
1079 2002
1079 2021
1079 2023
1079 1064
1079 1031
1079 1058
1079 1071
1079 2005
1079 1054
1079 1017
1079 1077
1079 1063
1079 4029
1079 1016
1079 1011
1079 2000
1079 1005
1079 4041
1079 1039
1079 1113
1079 1025
1079 1089
1079 1023
1079 4033
1079 1049
1079 5000
1079 1040
1079 1065
1079 1090
1079 1118
1079 3004
1079 1122
1079 1131
1079 1136
1079 1133
1079 1067
1079 1084
1079 1081
1079 2065
1079 2070
1079 2079
1079 2016
1079 1167
1079 2087
1079 1195
1079 1232
1079 1038
2032 1037
2032 1021
2032 1033
2032 2045
2032 1073
2032 1002
2032 1076
2032 1099
2032 1109
2032 1032
2032 2010
2032 2003
2032 1111
2032 1008
2032 2002
2032 2021
2032 2023
2032 1064
2032 2025
2032 1031
2032 1058
2032 1071
2032 2005
2032 1017
2032 1078
2032 1077
2032 1063
2032 1016
2032 2000
2032 1039
2032 1113
2032 1025
2032 1023
2032 4043
2032 4033
2032 1049
2032 5000
2032 1040
2032 1065
2032 1131
2032 2065
2032 2070
2032 2079
2032 2016
1001 2010
1001 1008
1001 1017
1001 1113
1203 2010
1037 1021
1037 1033
1037 2045
1037 1073
1037 1002
1037 1076
1037 1099
1037 1109
1037 1032
1037 2010
1037 2003
1037 1111
1037 1008
1037 1027
1037 2002
1037 2021
1037 2023
1037 1064
1037 2025
1037 3013
1037 1031
1037 1058
1037 1071
1037 2005
1037 1017
1037 1078
1037 1077
1037 1063
1037 4029
1037 1016
1037 1011
1037 2000
1037 4041
1037 1029
1037 1039
1037 1113
1037 1025
1037 4040
1037 1089
1037 1023
1037 1116
1037 4043
1037 4033
1037 1049
1037 5000
1037 1119
1037 1040
1037 1065
1037 1090
1037 1118
1037 3004
1037 1122
1037 1131
1037 2065
1037 2070
1037 2079
1037 2016
1037 1195
1037 1232
2036 2030
2036 2045
2036 2022
2036 1099
2036 1032
2036 2010
2036 2003
2036 1031
2036 1017
2036 4029
2036 1113
2036 1049
2036 2017
1021 1033
1021 2030
1021 2045
1021 1073
1021 1002
1021 1076
1021 1099
1021 1109
1021 1032
1021 2010
1021 2003
1021 1111
1021 1008
1021 2002
1021 2021
1021 2023
1021 1064
1021 2025
1021 1031
1021 1058
1021 1071
1021 2005
1021 1054
1021 1017
1021 1078
1021 1077
1021 1063
1021 4029
1021 1070
1021 1016
1021 1011
1021 1005
1021 1039
1021 1113
1021 1025
1021 1089
1021 1023
1021 1116
1021 1049
1021 5000
1021 1030
1021 1040
1021 1065
1021 1118
1021 3004
1021 1131
1021 1133
1021 1067
1021 2065
1021 2070
1021 1148
1021 1107
1021 2079
1021 2016
1021 1195
1021 2118
1033 2030
1033 2045
1033 1073
1033 1002
1033 1076
1033 1099
1033 1109
1033 1032
1033 2010
1033 2003
1033 1111
1033 1008
1033 1027
1033 2002
1033 2021
1033 2023
1033 1064
1033 3013
1033 1031
1033 1058
1033 1071
1033 2005
1033 1017
1033 1078
1033 1077
1033 1063
1033 4029
1033 1016
1033 1005
1033 4041
1033 1039
1033 1113
1033 1025
1033 1115
1033 1089
1033 1023
1033 4043
1033 1114
1033 4033
1033 1049
1033 5000
1033 1040
1033 1065
1033 2048
1033 1090
1033 3004
1033 1122
1033 1131
1033 1133
1033 1140
1033 1081
1033 2070
1033 1149
1033 2079
1033 2016
1033 1167
1033 1195
1033 1232
1033 1038
2030 2045
2030 2022
2030 1002
2030 1076
2030 1099
2030 1032
2030 2010
2030 2003
2030 1008
2030 1031
2030 1058
2030 1071
2030 1017
2030 1063
2030 4029
2030 1113
2030 2051
2030 4033
2030 1049
2030 1065
2030 2059
2030 2079
2030 2016
2030 2017
2030 2007
2045 1073
2045 2022
2045 1002
2045 1076
2045 1099
2045 1109
2045 1032
2045 2010
2045 2003
2045 1111
2045 1008
2045 2002
2045 2021
2045 2023
2045 1064
2045 2025
2045 2041
2045 3013
2045 1031
2045 1058
2045 1071
2045 2005
2045 1017
2045 1078
2045 2004
2045 1077
2045 1063
2045 4029
2045 1016
2045 2000
2045 1005
2045 4041
2045 1039
2045 1113
2045 2033
2045 1025
2045 1089
2045 2051
2045 4038
2045 1023
2045 4043
2045 4033
2045 1049
2045 5000
2045 1030
2045 1040
2045 1065
2045 2048
2045 2055
2045 1090
2045 2015
2045 3004
2045 1122
2045 1131
2045 2059
2045 2024
2045 2039
2045 1084
2045 1081
2045 2065
2045 2070
2045 1149
2045 1107
2045 2079
2045 2016
2045 2087
2045 1195
2045 2017
2045 2118
2045 2007
2045 1232
2045 1038
1073 1002
1073 1076
1073 1099
1073 1109
1073 1032
1073 2010
1073 2003
1073 1111
1073 1008
1073 2002
1073 1064
1073 1031
1073 1058
1073 2005
1073 1017
1073 1078
1073 1063
1073 4029
1073 1016
1073 1039
1073 1113
1073 1023
1073 4033
1073 1049
1073 5000
1073 1040
1073 1065
1073 1131
1073 2065
1073 2070
1073 2079
1073 1195
2022 1002
2022 1076
2022 1099
2022 1109
2022 1032
2022 2010
2022 2003
2022 1008
2022 1031
2022 1017
2022 4029
2022 1113
2022 4033
2022 1049
2022 1065
2022 2059
2022 2079
2022 2016
2022 2017
1002 1076
1002 1099
1002 1109
1002 1032
1002 2010
1002 2003
1002 1111
1002 1008
1002 1027
1002 2002
1002 2021
1002 2023
1002 1064
1002 2025
1002 1031
1002 1058
1002 1071
1002 2005
1002 1054
1002 1017
1002 1078
1002 1077
1002 1063
1002 4029
1002 1070
1002 1016
1002 1011
1002 1005
1002 4041
1002 1039
1002 1113
1002 1025
1002 1115
1002 1089
1002 1023
1002 1116
1002 4033
1002 1049
1002 5000
1002 1030
1002 1040
1002 1065
1002 1090
1002 1118
1002 3004
1002 1131
1002 2059
1002 1133
1002 1067
1002 2065
1002 2070
1002 1149
1002 1152
1002 1107
1002 2079
1002 2016
1002 1167
1002 1195
1002 1038
1076 1099
1076 1109
1076 1032
1076 2010
1076 2003
1076 1111
1076 1008
1076 2002
1076 2021
1076 2023
1076 1064
1076 2025
1076 3013
1076 1031
1076 1058
1076 1071
1076 2005
1076 1054
1076 1017
1076 1078
1076 1077
1076 1080
1076 1063
1076 4029
1076 1016
1076 1011
1076 2000
1076 1005
1076 4041
1076 1039
1076 1113
1076 1025
1076 1089
1076 1023
1076 1116
1076 4043
1076 4033
1076 1049
1076 5000
1076 1030
1076 1040
1076 1065
1076 2048
1076 1090
1076 2015
1076 1118
1076 3004
1076 1122
1076 1131
1076 2059
1076 1133
1076 1067
1076 1084
1076 2065
1076 2070
1076 1149
1076 1107
1076 2079
1076 2016
1076 1167
1076 1195
1076 2017
1076 2118
1076 1038
1099 1109
1099 1032
1099 2010
1099 2003
1099 1111
1099 1008
1099 1027
1099 2002
1099 2021
1099 2023
1099 1064
1099 2025
1099 3013
1099 1031
1099 1058
1099 1071
1099 2005
1099 1054
1099 1017
1099 1078
1099 1077
1099 1080
1099 1063
1099 4029
1099 1070
1099 1016
1099 1011
1099 2000
1099 1005
1099 4041
1099 1039
1099 1113
1099 1025
1099 1089
1099 1023
1099 1116
1099 4043
1099 4033
1099 1049
1099 5000
1099 1030
1099 1040
1099 1065
1099 2048
1099 1090
1099 1118
1099 3004
1099 1122
1099 1131
1099 2059
1099 1133
1099 1067
1099 1141
1099 1084
1099 2065
1099 2070
1099 1149
1099 1148
1099 1107
1099 2079
1099 2016
1099 1195
1099 2118
1099 1232
1109 1032
1109 2010
1109 2003
1109 1008
1109 2002
1109 2021
1109 2023
1109 1064
1109 1031
1109 1058
1109 1071
1109 2005
1109 1017
1109 1078
1109 1077
1109 1063
1109 4029
1109 1016
1109 4041
1109 1039
1109 1023
1109 4033
1109 1049
1109 5000
1109 1040
1109 1065
1109 3004
1109 1131
1109 2065
1109 2070
1109 2079
1109 2016
1032 2010
1032 2003
1032 1111
1032 1008
1032 1027
1032 2002
1032 2021
1032 2023
1032 1064
1032 2025
1032 2041
1032 3013
1032 1058
1032 1071
1032 2005
1032 2037
1032 1054
1032 1017
1032 1078
1032 1077
1032 1063
1032 4029
1032 1016
1032 1011
1032 2000
1032 1005
1032 4041
1032 1039
1032 1113
1032 1025
1032 1115
1032 1089
1032 1023
1032 1116
1032 4043
1032 4033
1032 1049
1032 5000
1032 1030
1032 1040
1032 1065
1032 2048
1032 1090
1032 2015
1032 1118
1032 3004
1032 1122
1032 1131
1032 2059
1032 1136
1032 1133
1032 1140
1032 2039
1032 1120
1032 1081
1032 2065
1032 2070
1032 1149
1032 1107
1032 2079
1032 2016
1032 1167
1032 1172
1032 2087
1032 1195
1032 2017
1032 2118
1032 2007
1032 1232
1032 1038
1034 2010
1034 1017
1034 1113
2010 2003
2010 1111
2010 2038
2010 1008
2010 1027
2010 2002
2010 2021
2010 2023
2010 1064
2010 2025
2010 2041
2010 3013
2010 1031
2010 1058
2010 1071
2010 2005
2010 2037
2010 1054
2010 1017
2010 1078
2010 2004
2010 1077
2010 1080
2010 1063
2010 4029
2010 1094
2010 2019
2010 1070
2010 1010
2010 1016
2010 1011
2010 2000
2010 1005
2010 1053
2010 4041
2010 1029
2010 1039
2010 1113
2010 2033
2010 2027
2010 1025
2010 4040
2010 1115
2010 4028
2010 1089
2010 2051
2010 4038
2010 1023
2010 1116
2010 1045
2010 2046
2010 4043
2010 1114
2010 4033
2010 1049
2010 5000
2010 1119
2010 1030
2010 1036
2010 1040
2010 1065
2010 2048
2010 3010
2010 1015
2010 2008
2010 2055
2010 5001
2010 1090
2010 2015
2010 2013
2010 1118
2010 1112
2010 3004
2010 1122
2010 1131
2010 1018
2010 2059
2010 1136
2010 1138
2010 3005
2010 1133
2010 1132
2010 1140
2010 1139
2010 1067
2010 1141
2010 2024
2010 2061
2010 2039
2010 1120
2010 1084
2010 1145
2010 6011
2010 1081
2010 2065
2010 2067
2010 4064
2010 2070
2010 2069
2010 1149
2010 2072
2010 1148
2010 2073
2010 2001
2010 1152
2010 1107
2010 2074
2010 2071
2010 2075
2010 2078
2010 2079
2010 2076
2010 2062
2010 1163
2010 1166
2010 4080
2010 2016
2010 1167
2010 1169
2010 1172
2010 1173
2010 2087
2010 1177
2010 1182
2010 1184
2010 1193
2010 9000
2010 9002
2010 1195
2010 2101
2010 2102
2010 2103
2010 2104
2010 2105
2010 1205
2010 2017
2010 2109
2010 2110
2010 2117
2010 2118
2010 1222
2010 9349
2010 1225
2010 2122
2010 1228
2010 2123
2010 2124
2010 2007
2010 2040
2010 2125
2010 1232
2010 1038
2010 9937
2010 2143
2010 2146
2010 2150
2003 1111
2003 1008
2003 2002
2003 2021
2003 2023
2003 1064
2003 2025
2003 1031
2003 1058
2003 1071
2003 1017
2003 1078
2003 1077
2003 1063
2003 4029
2003 1016
2003 1039
2003 1113
2003 1025
2003 1089
2003 1023
2003 4043
2003 4033
2003 1049
2003 5000
2003 1040
2003 1065
2003 3004
2003 1122
2003 1131
2003 2059
2003 2065
2003 2070
2003 2079
2003 2016
2003 2087
2003 1195
1111 1008
1111 2002
1111 1064
1111 1031
1111 1058
1111 1071
1111 1017
1111 1077
1111 1063
1111 4029
1111 1016
1111 1039
1111 1025
1111 4033
1111 1049
1111 1065
1111 1131
1111 2065
1111 2070
1111 2079
1111 2016
1008 1027
1008 2002
1008 2021
1008 2023
1008 1064
1008 2025
1008 3013
1008 1031
1008 1058
1008 1071
1008 2005
1008 2037
1008 1054
1008 1017
1008 1078
1008 2004
1008 1077
1008 1080
1008 1063
1008 4029
1008 1070
1008 1016
1008 1011
1008 2000
1008 1005
1008 4041
1008 1039
1008 1113
1008 1025
1008 1089
1008 4038
1008 1023
1008 1116
1008 4043
1008 4033
1008 1049
1008 5000
1008 1030
1008 1040
1008 1065
1008 2048
1008 1090
1008 2015
1008 1118
1008 1112
1008 3004
1008 1122
1008 1131
1008 2059
1008 1133
1008 1067
1008 1141
1008 2039
1008 1084
1008 2065
1008 2070
1008 1149
1008 1107
1008 2079
1008 2016
1008 1167
1008 2087
1008 1195
1008 2118
1008 1232
1027 1064
1027 1017
1027 1077
1027 1063
1027 1016
1027 4041
1027 1029
1027 1039
1027 1113
1027 1115
1027 1065
1027 3004
1027 1131
1027 2070
1027 1152
1027 1038
2002 2023
2002 1064
2002 1031
2002 1058
2002 1071
2002 2005
2002 1017
2002 1078
2002 1077
2002 1063
2002 4029
2002 1016
2002 1039
2002 1113
2002 1025
2002 1023
2002 4033
2002 1049
2002 5000
2002 1040
2002 1065
2002 1131
2002 2070
2002 2079
2002 2016
2021 2023
2021 1031
2021 1071
2021 2005
2021 1017
2021 4029
2021 2000
2021 1113
2021 4043
2021 1049
2021 5000
2021 1040
2021 1065
2021 2070
2021 2079
2021 2016
2023 1031
2023 2005
2023 1017
2023 1078
2023 1063
2023 1016
2023 2000
2023 1039
2023 1113
2023 1023
2023 4043
2023 4033
2023 1049
2023 1040
2023 1065
2023 2070
2023 2079
2023 2016
1064 1031
1064 1058
1064 1071
1064 1054
1064 1017
1064 1078
1064 1077
1064 1063
1064 1016
1064 1005
1064 4041
1064 1039
1064 1113
1064 1089
1064 1023
1064 4033
1064 1049
1064 5000
1064 1040
1064 1065
1064 3004
1064 1131
1064 2065
1064 2070
1064 1107
1064 2079
1064 2016
1064 1195
2025 1031
2025 1058
2025 1017
2025 1039
2025 1113
2025 4033
2025 1131
2025 2070
2025 2079
2025 2016
2041 1017
2041 1113
3013 1017
3013 1113
3013 1065
3013 3004
3013 1131
1031 1058
1031 1071
1031 2005
1031 1054
1031 1017
1031 1078
1031 1077
1031 1063
1031 4029
1031 1016
1031 2000
1031 1005
1031 1039
1031 1113
1031 1025
1031 1089
1031 1023
1031 4043
1031 4033
1031 1049
1031 5000
1031 1040
1031 1065
1031 1090
1031 3004
1031 1122
1031 1131
1031 2059
1031 1120
1031 2065
1031 2070
1031 1149
1031 1107
1031 2079
1031 2016
1031 2087
1031 1195
1031 2118
1031 1038
1058 1071
1058 2005
1058 1054
1058 1017
1058 1078
1058 1077
1058 1063
1058 4029
1058 1070
1058 1016
1058 1039
1058 1113
1058 1025
1058 1089
1058 1023
1058 4033
1058 1049
1058 5000
1058 1040
1058 1065
1058 1090
1058 1118
1058 3004
1058 1131
1058 2059
1058 2065
1058 2070
1058 1149
1058 1107
1058 2079
1058 2016
1058 1195
1058 2118
1071 2005
1071 1017
1071 1078
1071 1063
1071 4029
1071 1016
1071 1039
1071 1113
1071 1025
1071 1023
1071 4033
1071 1049
1071 5000
1071 1040
1071 1065
1071 1118
1071 1131
1071 2070
1071 2079
1071 2016
1071 1195
2005 1017
2005 1077
2005 1063
2005 4029
2005 1016
2005 1039
2005 1113
2005 1023
2005 4043
2005 4033
2005 1049
2005 5000
2005 1065
2005 1131
2005 2070
2005 2079
2005 2016
2037 1113
2037 2070
1054 1017
1054 1053
1054 1113
1054 1089
1054 4033
1054 1107
1017 1078
1017 2004
1017 1077
1017 1080
1017 1063
1017 4029
1017 1070
1017 1016
1017 1011
1017 2000
1017 1005
1017 4041
1017 1029
1017 1039
1017 1113
1017 1025
1017 1115
1017 1089
1017 2051
1017 1023
1017 1116
1017 4043
1017 4033
1017 1049
1017 5000
1017 1030
1017 1040
1017 1065
1017 2048
1017 1090
1017 2015
1017 1118
1017 3004
1017 1122
1017 1131
1017 1018
1017 2059
1017 1136
1017 1133
1017 1067
1017 1141
1017 2039
1017 1120
1017 1084
1017 1081
1017 2065
1017 2070
1017 1149
1017 1148
1017 1107
1017 2079
1017 2016
1017 1167
1017 1172
1017 2087
1017 1195
1017 2017
1017 2118
1017 2007
1017 1232
1017 1038
1078 1077
1078 1063
1078 1016
1078 1113
1078 1089
1078 1023
1078 4033
1078 1049
1078 1040
1078 1065
1078 1131
1078 2070
1078 2079
2004 1113
2004 2070
2004 2079
1077 1063
1077 1016
1077 1039
1077 1113
1077 1023
1077 4033
1077 1049
1077 5000
1077 1040
1077 1065
1077 1118
1077 3004
1077 1131
1077 2070
1077 2079
1077 2016
1077 1195
1080 1113
1080 4033
1063 4029
1063 1016
1063 1039
1063 1113
1063 1025
1063 1089
1063 1023
1063 1116
1063 4033
1063 1049
1063 5000
1063 1040
1063 1065
1063 1118
1063 3004
1063 1131
1063 1067
1063 2065
1063 2070
1063 1107
1063 2079
1063 2016
1063 1195
4029 1016
4029 1113
4029 2051
4029 4038
4029 4033
4029 1049
4029 5000
4029 1065
4029 2055
4029 1131
4029 2059
4029 2079
4029 2016
4029 2017
4029 2007
4029 2040
1094 1067
1070 1113
1016 4041
1016 1039
1016 1113
1016 1025
1016 1089
1016 1023
1016 4033
1016 1049
1016 5000
1016 1040
1016 1065
1016 3004
1016 1131
1016 1018
1016 1133
1016 2070
1016 2079
1016 2016
1016 1195
1011 1113
1011 1023
1011 1040
1011 2070
1011 2079
2000 1113
2000 4043
2000 4033
2000 1049
2000 2070
2000 2079
1005 4041
1005 1039
1005 1113
1005 4033
1005 1040
1005 1131
1005 2070
1053 1089
4041 1039
4041 1113
4041 1114
4041 1040
4041 1065
4041 2048
4041 1090
4041 3004
4041 1131
4041 1081
4041 2070
4041 1152
4041 1038
1029 1113
1029 1065
1039 1113
1039 1025
1039 1089
1039 1023
1039 4033
1039 1049
1039 5000
1039 1040
1039 1065
1039 2048
1039 1090
1039 3004
1039 1131
1039 1140
1039 1081
1039 2070
1039 1149
1039 1152
1039 2079
1039 2016
1039 1167
1039 1205
1039 1232
1039 1038
1113 2033
1113 2027
1113 1025
1113 4040
1113 1115
1113 4028
1113 1089
1113 4038
1113 1023
1113 1116
1113 4043
1113 1114
1113 4033
1113 1049
1113 5000
1113 1119
1113 1030
1113 1040
1113 1065
1113 2048
1113 3010
1113 2008
1113 5001
1113 1090
1113 2015
1113 1118
1113 1112
1113 3004
1113 1122
1113 1131
1113 2059
1113 1136
1113 1133
1113 1132
1113 1140
1113 1139
1113 1067
1113 1141
1113 2039
1113 1120
1113 1084
1113 1081
1113 2065
1113 2070
1113 1149
1113 1148
1113 2001
1113 1152
1113 1107
1113 2079
1113 2076
1113 1163
1113 2016
1113 1167
1113 2087
1113 1195
1113 1205
1113 2017
1113 2109
1113 2117
1113 2118
1113 9349
1113 2007
1113 1232
1113 1038
1113 9937
2027 3004
2027 1131
1025 1023
1025 4033
1025 1049
1025 5000
1025 1040
1025 1065
1025 1131
1025 2070
1025 2079
1115 1040
1115 1065
1089 4033
1089 1049
1089 1040
1089 1065
1089 3004
1089 1131
1089 2070
1089 1107
1089 2079
1023 4033
1023 1049
1023 5000
1023 1040
1023 1065
1023 3004
1023 1131
1023 2065
1023 2070
1023 2079
1023 2016
1116 1065
4043 4033
4043 1049
4043 1065
4043 2070
4033 1049
4033 5000
4033 1030
4033 1040
4033 1065
4033 1090
4033 1118
4033 3004
4033 1122
4033 1131
4033 1133
4033 1132
4033 1067
4033 1084
4033 2065
4033 2070
4033 1149
4033 1107
4033 2079
4033 2016
4033 2087
4033 1195
4033 1232
4033 1038
1049 5000
1049 1030
1049 1040
1049 1065
1049 1090
1049 3004
1049 1122
1049 1131
1049 2059
1049 2065
1049 2070
1049 1149
1049 1107
1049 2079
1049 2016
1049 1195
1049 2017
5000 1040
5000 1065
5000 3004
5000 1131
5000 2070
5000 1149
5000 2079
5000 2016
5000 1232
5000 1038
1030 1065
1030 2070
1040 1065
1040 1090
1040 1131
1040 1067
1040 2070
1040 2079
1040 1195
1065 1015
1065 1090
1065 1118
1065 3004
1065 1131
1065 3005
1065 1133
1065 1081
1065 2065
1065 2070
1065 1149
1065 1107
1065 2079
1065 2016
1065 1167
1065 1195
1065 1232
1065 1038
2048 3004
2048 2070
2048 2079
3010 3004
1090 3004
1090 2070
2013 2016
1118 2070
1118 2079
3004 1131
3004 1133
3004 1140
3004 1081
3004 2070
3004 1149
3004 1152
3004 1205
3004 1232
3004 1038
1122 2070
1131 2065
1131 2070
1131 1107
1131 2079
1131 2016
1131 1195
1131 2118
2059 2079
2059 2016
2059 2017
2059 2007
1133 2070
1067 2070
1067 2079
1084 2079
2065 2070
2065 2079
2070 2001
2070 2079
2070 2016
2070 1167
2070 2087
2070 1195
2070 2150
1152 1212
1152 1038
1107 2079
1107 2016
2079 2016
2079 2087
2079 1195
2016 2017
2017 2007
1232 1038
1079 1021 2010
1079 1021 1008
1079 1033 2010
1079 2045 2010
1079 1002 2010
1079 1002 1008
1079 1002 1113
1079 1076 1099
1079 1076 2010
1079 1076 1008
1079 1076 1017
1079 1076 1113
1079 1099 2010
1079 1099 1008
1079 1099 1017
1079 1099 1113
1079 1032 2010
1079 1032 1113
1079 2010 2003
1079 2010 1008
1079 2010 1031
1079 2010 1058
1079 2010 1017
1079 2010 1063
1079 2010 1113
1079 2010 4033
1079 2010 2070
1079 2010 2079
1079 1008 1017
1079 1008 1113
1079 1008 4033
1079 1017 1113
1079 1113 4033
2032 1021 2010
2032 2045 2010
2032 1076 2010
2032 1099 2010
2032 1032 2010
2032 2010 2003
2032 2010 1008
2032 2010 2002
2032 2010 2005
2032 2010 1017
2032 2010 1113
2032 2010 2070
2032 2010 2079
1037 1021 2010
1037 2045 2010
1037 1002 2010
1037 1076 2010
1037 1099 2010
1037 1099 1017
1037 1099 1063
1037 1099 1113
1037 1032 2010
1037 1032 1017
1037 1032 1113
1037 2010 2003
1037 2010 1008
1037 2010 1064
1037 2010 1058
1037 2010 1017
1037 2010 1063
1037 2010 1039
1037 2010 1113
1037 2010 4033
1037 2010 1065
1037 2010 1131
1037 2010 2070
1037 2010 2079
1037 1008 1058
1037 1008 1017
1037 1008 1063
1037 1008 1113
1037 1064 1017
1037 1058 1017
1037 1017 1063
1037 1017 1016
1037 1017 1039
1037 1017 1113
1037 1017 1065
1037 1063 1113
1037 1039 1113
1021 2045 2010
1021 1073 2010
1021 1002 1076
1021 1002 1099
1021 1002 2010
1021 1002 1008
1021 1002 1017
1021 1002 1063
1021 1002 1113
1021 1002 2079
1021 1076 1099
1021 1076 2010
1021 1076 1008
1021 1076 1017
1021 1076 1063
1021 1076 1113
1021 1099 2010
1021 1099 1008
1021 1099 1017
1021 1099 1063
1021 1099 1113
1021 1032 2010
1021 1032 1017
1021 1032 1113
1021 2010 2003
1021 2010 1008
1021 2010 2002
1021 2010 1058
1021 2010 1071
1021 2010 1017
1021 2010 1077
1021 2010 1063
1021 2010 1039
1021 2010 1113
1021 2010 1049
1021 2010 2070
1021 2010 2079
1021 2010 2016
1021 2010 2025
1021 2003 1008
1021 2003 1113
1021 1008 1058
1021 1008 1017
1021 1008 1063
1021 1008 1113
1021 1008 2079
1021 1017 1063
1021 1017 1113
1021 1063 1113
1021 1113 2079
1033 2045 2010
1033 1002 2010
1033 1076 2010
1033 1099 2010
1033 1099 1008
1033 1099 1058
1033 1099 1017
1033 1099 1113
1033 1032 2010
1033 1032 1017
1033 1032 1113
1033 2010 2003
1033 2010 1008
1033 2010 1031
1033 2010 1017
1033 2010 1016
1033 2010 4041
1033 2010 1039
1033 2010 1113
1033 2010 4033
1033 2010 1065
1033 2010 2070
1033 1008 1017
1033 1008 1113
1033 1031 1113
1033 1017 1016
1033 1017 1113
1033 1016 1113
1033 1039 1113
2030 2045 2010
2030 1032 2010
2030 2010 2003
2030 2010 1017
2030 2010 1113
2045 1076 2010
2045 1099 2010
2045 1032 2010
2045 1032 1113
2045 2010 2003
2045 2010 1008
2045 2010 2002
2045 2010 2023
2045 2010 1031
2045 2010 1058
2045 2010 2005
2045 2010 1017
2045 2010 1063
2045 2010 4029
2045 2010 1016
2045 2010 1039
2045 2010 1113
2045 2010 1025
2045 2010 1023
2045 2010 4033
2045 2010 1049
2045 2010 1065
2045 2010 2070
2045 2010 2079
2045 2010 2016
2045 2010 2025
2045 2010 2036
2045 2010 2022
2045 1008 1017
2045 1008 1113
2045 1031 1113
2045 1017 1113
2045 1113 1023
2045 1113 1049
1073 1002 2010
1073 1076 2010
1073 1099 2010
1073 1032 2010
1073 2010 2003
1073 2010 1008
1073 2010 1017
1073 2010 1063
1073 2010 1113
1073 2010 2070
1073 2010 2079
1073 1008 1017
1073 1008 1113
1073 1017 1113
1002 1076 2010
1002 1076 1008
1002 1076 1017
1002 1076 1113
1002 1099 2010
1002 1099 1008
1002 1099 1017
1002 1099 1113
1002 1099 4033
1002 1109 2010
1002 1032 2010
1002 1032 1008
1002 1032 1017
1002 1032 1113
1002 2010 2003
1002 2010 1008
1002 2010 1031
1002 2010 1058
1002 2010 1071
1002 2010 2005
1002 2010 1017
1002 2010 1077
1002 2010 1063
1002 2010 1016
1002 2010 1113
1002 2010 1023
1002 2010 4033
1002 2010 1049
1002 2010 1065
1002 2010 2070
1002 2010 2079
1002 2003 1008
1002 1008 1058
1002 1008 1017
1002 1008 1063
1002 1008 1113
1002 1008 4033
1002 1008 2070
1002 1008 2079
1002 1058 1017
1002 1058 1113
1002 1017 1016
1002 1017 1113
1002 1017 4033
1002 1063 1113
1002 1113 4033
1002 1113 2079
1076 1099 1032
1076 1099 2010
1076 1099 1008
1076 1099 1058
1076 1099 1017
1076 1099 1063
1076 1099 1113
1076 1099 4033
1076 1109 2010
1076 1032 2010
1076 1032 1008
1076 1032 1017
1076 1032 1113
1076 2010 2003
1076 2010 1008
1076 2010 2002
1076 2010 1031
1076 2010 1058
1076 2010 1071
1076 2010 2005
1076 2010 1017
1076 2010 1077
1076 2010 1063
1076 2010 4029
1076 2010 1016
1076 2010 1039
1076 2010 1113
1076 2010 1025
1076 2010 1023
1076 2010 4033
1076 2010 1049
1076 2010 1040
1076 2010 1065
1076 2010 1131
1076 2010 2070
1076 2010 2079
1076 2010 2016
1076 2010 1078
1076 1008 1058
1076 1008 1017
1076 1008 1063
1076 1008 1113
1076 1008 1023
1076 1008 4033
1076 1008 2079
1076 1058 1017
1076 1058 1113
1076 1017 1063
1076 1017 1016
1076 1017 1113
1076 1017 4033
1076 1063 1113
1076 1113 4033
1076 1113 2070
1076 1113 2079
1099 1109 2010
1099 1032 2010
1099 1032 1008
1099 1032 1058
1099 1032 1017
1099 1032 1113
1099 1032 4033
1099 2010 2003
1099 2010 1008
1099 2010 2002
1099 2010 1064
1099 2010 1031
1099 2010 1058
1099 2010 1071
1099 2010 1017
1099 2010 1077
1099 2010 1063
1099 2010 1016
1099 2010 1039
1099 2010 1113
1099 2010 1089
1099 2010 1023
1099 2010 4033
1099 2010 1049
1099 2010 1040
1099 2010 1065
1099 2010 2070
1099 2010 2079
1099 2010 2016
1099 2010 1078
1099 2003 1017
1099 2003 1113
1099 1008 1058
1099 1008 1017
1099 1008 1063
1099 1008 1113
1099 1008 1023
1099 1008 4033
1099 1008 1065
1099 1008 2079
1099 1064 1017
1099 1031 1017
1099 1031 1113
1099 1058 1017
1099 1058 1063
1099 1058 1113
1099 1058 4033
1099 1017 1063
1099 1017 1016
1099 1017 1113
1099 1017 4033
1099 1017 1065
1099 1017 2070
1099 1017 2079
1099 1063 1113
1099 1016 1113
1099 1113 4033
1099 1113 1065
1099 1113 2070
1099 1113 2079
1109 1032 2010
1109 2010 2003
1109 2010 1008
1109 2010 1031
1109 2010 1017
1109 2010 2070
1109 2010 2079
1032 2010 2003
1032 2010 1111
1032 2010 1008
1032 2010 2002
1032 2010 2023
1032 2010 1064
1032 2010 1058
1032 2010 1071
1032 2010 2005
1032 2010 1017
1032 2010 1063
1032 2010 4029
1032 2010 1016
1032 2010 1039
1032 2010 1113
1032 2010 1023
1032 2010 4033
1032 2010 1049
1032 2010 1065
1032 2010 3004
1032 2010 1131
1032 2010 2065
1032 2010 2070
1032 2010 2079
1032 2010 2016
1032 2010 2025
1032 2003 1113
1032 1008 1058
1032 1008 1017
1032 1008 1113
1032 1064 1113
1032 1058 1017
1032 1058 1113
1032 1017 1016
1032 1017 1113
1032 1017 4033
1032 1017 1049
1032 1017 1065
1032 1016 1113
1032 1039 1113
1032 1113 4033
1032 1113 1049
1032 1113 1065
1032 1113 3004
1032 1113 2070
1032 1113 2079
2010 2003 1008
2010 2003 2002
2010 2003 1031
2010 2003 1058
2010 2003 1071
2010 2003 1017
2010 2003 1077
2010 2003 1063
2010 2003 4029
2010 2003 1016
2010 2003 1113
2010 2003 4033
2010 2003 1049
2010 2003 1065
2010 2003 2070
2010 2003 2079
2010 2003 2016
2010 1111 1008
2010 1111 1017
2010 1111 1049
2010 1111 2070
2010 1008 2002
2010 1008 2023
2010 1008 1064
2010 1008 1031
2010 1008 1058
2010 1008 1071
2010 1008 2005
2010 1008 1017
2010 1008 1077
2010 1008 1063
2010 1008 4029
2010 1008 1016
2010 1008 1011
2010 1008 1039
2010 1008 1113
2010 1008 1025
2010 1008 1089
2010 1008 1023
2010 1008 4033
2010 1008 1049
2010 1008 1040
2010 1008 1065
2010 1008 1118
2010 1008 1131
2010 1008 1084
2010 1008 2065
2010 1008 2070
2010 1008 2079
2010 1008 2016
2010 1008 1195
2010 1008 2025
2010 1008 1078
2010 1008 1030
2010 1008 1107
2010 1027 1113
2010 2002 1017
2010 2002 1113
2010 2002 4033
2010 2002 2070
2010 2002 2079
2010 2021 1113
2010 2021 2070
2010 2023 1017
2010 2023 1113
2010 2023 2070
2010 2023 2079
2010 1064 1017
2010 1064 1063
2010 1064 1113
2010 1031 1058
2010 1031 2005
2010 1031 1017
2010 1031 1063
2010 1031 4029
2010 1031 1016
2010 1031 1113
2010 1031 4033
2010 1031 1049
2010 1031 1065
2010 1031 2070
2010 1031 2079
2010 1031 2016
2010 1058 1017
2010 1058 1063
2010 1058 1016
2010 1058 1113
2010 1058 1023
2010 1058 4033
2010 1058 1049
2010 1058 1065
2010 1058 1131
2010 1058 2070
2010 1058 2079
2010 1071 1017
2010 1071 1063
2010 1071 1113
2010 1071 2070
2010 1071 2079
2010 2005 1017
2010 2005 1113
2010 2005 4033
2010 2005 2070
2010 2005 2079
2010 1054 1113
2010 1017 1077
2010 1017 1063
2010 1017 4029
2010 1017 1016
2010 1017 1011
2010 1017 1039
2010 1017 1113
2010 1017 1025
2010 1017 1089
2010 1017 1023
2010 1017 4033
2010 1017 1049
2010 1017 1040
2010 1017 1065
2010 1017 3004
2010 1017 1131
2010 1017 2065
2010 1017 2070
2010 1017 2079
2010 1017 2016
2010 1017 1195
2010 1017 2025
2010 1017 1078
2010 1017 1030
2010 1077 1063
2010 1077 1113
2010 1077 4033
2010 1077 2079
2010 1063 1016
2010 1063 1113
2010 1063 4033
2010 1063 1049
2010 1063 2070
2010 1063 2079
2010 1063 1078
2010 4029 1113
2010 4029 1049
2010 4029 2079
2010 4029 2059
2010 1016 1113
2010 1016 4033
2010 1016 1065
2010 1016 2070
2010 1016 2079
2010 1011 1113
2010 1011 2070
2010 2000 1113
2010 2000 2070
2010 1005 1113
2010 4041 1113
2010 1039 1113
2010 1039 4033
2010 1039 3004
2010 1039 2070
2010 1113 1025
2010 1113 1089
2010 1113 1023
2010 1113 4033
2010 1113 1049
2010 1113 5000
2010 1113 1040
2010 1113 1065
2010 1113 1090
2010 1113 1118
2010 1113 3004
2010 1113 1131
2010 1113 1133
2010 1113 1084
2010 1113 2065
2010 1113 2070
2010 1113 2079
2010 1113 2016
2010 1113 2087
2010 1113 1195
2010 1113 1232
2010 1113 1038
2010 1113 2025
2010 1113 1078
2010 1113 4043
2010 1113 2022
2010 1113 1030
2010 1113 2048
2010 1113 2004
2010 1113 4038
2010 1113 2015
2010 1025 4033
2010 1025 1049
2010 1023 4033
2010 1023 1049
2010 1023 2070
2010 1023 2079
2010 4033 1049
2010 4033 1065
2010 4033 2070
2010 4033 2079
2010 4033 2016
2010 4033 1078
2010 1049 5000
2010 1049 1065
2010 1049 2070
2010 1049 2079
2010 1049 2016
2010 5000 2070
2010 1040 2070
2010 1040 2079
2010 1065 2070
2010 1065 2079
2010 1131 2070
2010 2065 2070
2010 2065 2079
2010 2070 2079
2010 2070 2016
2010 2070 2087
2010 2070 2025
2010 2070 1078
2010 2070 4043
2010 2079 2016
2010 2079 2087
2010 2079 2025
2010 2079 1078
2003 1008 1113
2003 1017 1113
2003 1113 2079
1008 1064 1017
1008 1031 1017
1008 1031 1113
1008 1031 4033
1008 1058 1017
1008 1058 1063
1008 1058 1113
1008 1058 1023
1008 1058 4033
1008 1058 1065
1008 1058 2079
1008 1017 1063
1008 1017 1016
1008 1017 1039
1008 1017 1113
1008 1017 1023
1008 1017 4033
1008 1017 1065
1008 1017 2070
1008 1017 2079
1008 1017 2016
1008 1063 1113
1008 1063 4033
1008 1016 1113
1008 1039 1113
1008 1113 1023
1008 1113 4033
1008 1113 1049
1008 1113 1065
1008 1113 1118
1008 1113 1131
1008 1113 2070
1008 1113 2079
1008 1113 2016
1008 1023 4033
1008 2070 2079
1064 1017 1063
1064 1017 1113
1031 1058 1017
1031 1058 1113
1031 1017 1016
1031 1017 1113
1031 1017 1049
1031 1017 1065
1031 1016 1113
1031 1113 4033
1031 1113 1049
1031 1113 1065
1058 1017 1063
1058 1017 1016
1058 1017 1113
1058 1017 4033
1058 1017 1065
1058 1063 1113
1058 1016 1113
1058 1113 4033
1058 1113 1065
1017 1063 1016
1017 1063 1113
1017 1063 4033
1017 1016 1113
1017 1016 4033
1017 1016 1065
1017 1039 1113
1017 1113 1023
1017 1113 4033
1017 1113 1049
1017 1113 1065
1017 1113 1131
1017 1113 2070
1017 1113 2079
1017 1113 2016
1017 4033 1065
1077 1063 1113
1016 1113 4033
1016 1113 1065
1039 1113 3004
1113 1023 4033
1113 1065 3004
1113 2070 2079
1021 2010 1008 1002
1021 2010 1008 1113
1021 2010 1008 1017
2010 1008 2045 1113
2010 1008 1002 1113
2010 1008 1113 1076
2010 1008 1113 1099
2010 1008 1113 1017
2010 1008 1113 1032
2010 1008 1113 2003
2010 1008 1113 1058
2010 1008 1113 4033
2010 1008 1113 2070
2010 1008 1113 2079
2010 1008 1076 1017
2010 1008 1099 1017
2010 1008 1017 1058
2010 1113 1076 1017
2010 1113 1076 2079
2010 1113 1099 1017
2010 1113 1017 1032
1008 1113 1017 1058