1079 : 7609
2032 : 6260
1001 : 1219
1203 : 1070
1014 : 563
1037 : 7475
2036 : 2851
1021 : 7036
1033 : 7782
2030 : 3959
2045 : 12758
1073 : 5099
2022 : 3687
1002 : 7209
1076 : 8701
1099 : 8586
1109 : 5412
1032 : 10511
1034 : 1121
2010 : 43227
2003 : 8106
1111 : 4839
2038 : 1026
1008 : 9814
1027 : 2997
2002 : 5060
2021 : 5684
2023 : 4722
1064 : 4929
2025 : 2534
2041 : 1954
3013 : 2227
1031 : 8236
1058 : 6398
1071 : 6638
1066 : 411
2005 : 5361
2037 : 1841
1054 : 2667
2031 : 373
1017 : 11414
1078 : 4437
2004 : 1747
1077 : 5576
1012 : 1026
1080 : 2073
1063 : 6999
4030 : 629
4029 : 5687
1094 : 876
2019 : 944
1070 : 1424
1010 : 613
1016 : 5494
1011 : 2009
2000 : 4417
1005 : 2655
1053 : 869
4041 : 4518
1029 : 1321
1039 : 6265
1113 : 20297
2033 : 1554
2027 : 1324
1025 : 4706
4040 : 1628
1115 : 2195
4035 : 571
4028 : 1129
1089 : 3489
2051 : 2009
4038 : 1863
1023 : 4847
1116 : 1799
1045 : 807
1035 : 691
2046 : 1020
4043 : 3676
1114 : 1887
4033 : 6836
3014 : 833
1049 : 8988
5000 : 6233
1119 : 1200
1030 : 2049
1036 : 1409
1040 : 4954
1065 : 9168
2048 : 2876
3010 : 1150
1015 : 1731
2008 : 1073
2055 : 1948
5001 : 2139
1090 : 3581
2015 : 1977
2013 : 781
1118 : 2278
1112 : 1436
3004 : 5891
1122 : 2741
2056 : 438
1127 : 471
5002 : 471
2058 : 603
1128 : 568
1131 : 6277
1018 : 874
2059 : 3412
4039 : 442
1136 : 1849
1138 : 1001
3005 : 1293
1133 : 2399
1132 : 1935
1140 : 1933
1139 : 1382
3000 : 800
1051 : 413
1142 : 991
1067 : 1799
1141 : 1332
1135 : 632
2024 : 648
2061 : 654
2039 : 1786
1120 : 1702
1084 : 1752
1145 : 644
6011 : 843
2060 : 448
1081 : 2910
1009 : 391
3006 : 535
2065 : 3125
6012 : 580
6017 : 719
2067 : 793
2063 : 502
2064 : 659
4064 : 1076
2070 : 10243
2069 : 755
1149 : 3315
2018 : 409
2072 : 837
1148 : 1364
2073 : 1417
2001 : 1408
1152 : 1619
1107 : 2293
4032 : 735
2074 : 784
2071 : 1100
2075 : 519
2078 : 748
1160 : 499
2079 : 7482
2076 : 1320
2062 : 684
2080 : 394
1163 : 1276
1166 : 953
4080 : 1215
2016 : 4298
1167 : 3081
5004 : 502
1169 : 990
2086 : 483
1172 : 1010
1173 : 579
1168 : 472
2087 : 2607
1176 : 659
1177 : 1234
1182 : 993
1184 : 940
1190 : 481
1193 : 733
9000 : 956
9001 : 380
9002 : 728
1195 : 3121
2101 : 503
2102 : 918
2103 : 713
9086 : 387
9100 : 395
2104 : 539
2105 : 1027
2106 : 390
1205 : 1507
9181 : 401
2017 : 2878
2109 : 998
2110 : 875
1212 : 629
2117 : 1171
2118 : 2047
1222 : 1397
9345 : 670
9349 : 1426
1225 : 1015
2122 : 989
1228 : 970
2123 : 812
2124 : 662
2007 : 1978
2040 : 1120
2125 : 834
1232 : 2357
1231 : 389
1237 : 435
1038 : 3192
9937 : 1448
2143 : 1337
2146 : 520
3024 : 560
2150 : 1261
1252 : 414
3030 : 757
1079 1037 : 453
1079 1021 : 565
1079 1033 : 593
1079 2045 : 510
1079 1073 : 414
1079 1002 : 656
1079 1076 : 1078
1079 1099 : 847
1079 1032 : 578
1079 2010 : 2244
1079 2003 : 493
1079 1008 : 946
1079 1031 : 447
1079 1058 : 487
1079 1071 : 469
1079 1017 : 836
1079 1077 : 439
1079 1063 : 499
1079 1016 : 376
1079 1039 : 413
1079 1113 : 1301
1079 1023 : 458
1079 4033 : 706
1079 1049 : 418
1079 1040 : 464
1079 1065 : 485
1079 2070 : 576
1079 2079 : 532
2032 1021 : 438
2032 2045 : 375
2032 1076 : 418
2032 1099 : 375
2032 1032 : 441
2032 2010 : 2252
2032 2003 : 657
2032 1008 : 518
2032 2002 : 427
2032 2005 : 394
2032 1017 : 471
2032 1113 : 933
2032 2070 : 679
2032 2079 : 636
1001 2010 : 439
1037 1021 : 521
1037 1033 : 594
1037 2045 : 488
1037 1073 : 494
1037 1002 : 449
1037 1076 : 651
1037 1099 : 743
1037 1109 : 386
1037 1032 : 730
1037 2010 : 1890
1037 2003 : 418
1037 1008 : 693
1037 1064 : 623
1037 1031 : 476
1037 1058 : 565
1037 1071 : 405
1037 1017 : 1054
1037 1077 : 376
1037 1063 : 917
1037 1016 : 381
1037 1039 : 965
1037 1113 : 1054
1037 4033 : 437
1037 1049 : 496
1037 1040 : 438
1037 1065 : 684
1037 3004 : 424
1037 1131 : 511
1037 2070 : 551
1037 2079 : 443
2036 2045 : 471
2036 2010 : 984
2036 4029 : 365
1021 2045 : 390
1021 1073 : 532
1021 1002 : 1082
1021 1076 : 810
1021 1099 : 1117
1021 1032 : 776
1021 2010 : 2350
1021 2003 : 598
1021 1008 : 1332
1021 2002 : 367
1021 1064 : 501
1021 1031 : 431
1021 1058 : 675
1021 1071 : 585
1021 1017 : 1009
1021 1077 : 634
1021 1063 : 993
1021 1016 : 461
1021 1039 : 415
1021 1113 : 1285
1021 1023 : 377
1021 1049 : 520
1021 1040 : 435
1021 1065 : 474
1021 1118 : 378
1021 1131 : 425
1021 2070 : 531
1021 2079 : 631
1021 1195 : 380
1033 2045 : 600
1033 1002 : 549
1033 1076 : 574
1033 1099 : 1193
1033 1032 : 731
1033 2010 : 1981
1033 2003 : 382
1033 1008 : 666
1033 1027 : 367
1033 1064 : 375
1033 1031 : 552
1033 1058 : 499
1033 1017 : 1212
1033 1063 : 413
1033 1016 : 713
1033 4041 : 588
1033 1039 : 551
1033 1113 : 1464
1033 1023 : 405
1033 4033 : 517
1033 1049 : 432
1033 1040 : 377
1033 1065 : 665
1033 3004 : 481
1033 2070 : 437
2030 2045 : 569
2030 2010 : 1547
2030 1017 : 389
2030 1113 : 522
2045 2022 : 646
2045 1002 : 426
2045 1076 : 676
2045 1099 : 588
2045 1109 : 402
2045 1032 : 978
2045 2010 : 3353
2045 2003 : 553
2045 1111 : 406
2045 1008 : 727
2045 2002 : 374
2045 2021 : 476
2045 2023 : 541
2045 1064 : 365
2045 2041 : 513
2045 1031 : 910
2045 1058 : 470
2045 1071 : 367
2045 2005 : 414
2045 1017 : 870
2045 1063 : 410
2045 4029 : 887
2045 1016 : 449
2045 1039 : 427
2045 1113 : 1424
2045 1025 : 441
2045 1023 : 438
2045 4033 : 595
2045 1049 : 901
2045 5000 : 459
2045 1065 : 639
2045 3004 : 387
2045 1131 : 484
2045 2059 : 497
2045 2070 : 453
2045 2079 : 603
2045 2016 : 724
2045 2017 : 524
1073 1002 : 446
1073 1076 : 620
1073 1099 : 534
1073 1032 : 498
1073 2010 : 1528
1073 1008 : 607
1073 1064 : 413
1073 1031 : 405
1073 1058 : 385
1073 1017 : 660
1073 1063 : 658
1073 1113 : 768
1073 4033 : 366
1073 1065 : 409
1073 2070 : 366
1073 2079 : 365
2022 2010 : 1266
2022 4029 : 399
2022 1113 : 442
1002 1076 : 751
1002 1099 : 1063
1002 1109 : 404
1002 1032 : 738
1002 2010 : 2339
1002 2003 : 536
1002 1008 : 1524
1002 1064 : 381
1002 1031 : 464
1002 1058 : 741
1002 1071 : 519
1002 1017 : 1032
1002 1077 : 494
1002 1063 : 685
1002 1016 : 494
1002 1039 : 433
1002 1113 : 1467
1002 1023 : 522
1002 4033 : 857
1002 1049 : 468
1002 5000 : 375
1002 1040 : 389
1002 1065 : 545
1002 1118 : 398
1002 3004 : 465
1002 1131 : 437
1002 2070 : 590
1002 2079 : 588
1076 1099 : 1184
1076 1109 : 407
1076 1032 : 829
1076 2010 : 2919
1076 2003 : 602
1076 1008 : 1334
1076 2002 : 456
1076 1064 : 456
1076 1031 : 629
1076 1058 : 667
1076 1071 : 554
1076 2005 : 372
1076 1017 : 1245
1076 1078 : 690
1076 1077 : 646
1076 1063 : 830
1076 4029 : 404
1076 1016 : 428
1076 1039 : 501
1076 1113 : 1414
1076 1025 : 407
1076 1089 : 389
1076 1023 : 537
1076 4033 : 862
1076 1049 : 608
1076 1040 : 465
1076 1065 : 563
1076 1131 : 510
1076 2070 : 676
1076 2079 : 779
1076 2016 : 370
1099 1109 : 460
1099 1032 : 985
1099 2010 : 2723
1099 2003 : 662
1099 1111 : 402
1099 1008 : 1620
1099 2002 : 395
1099 1064 : 521
1099 1031 : 644
1099 1058 : 1122
1099 1071 : 490
1099 1017 : 1874
1099 1078 : 531
1099 1077 : 546
1099 1063 : 866
1099 1016 : 775
1099 1039 : 487
1099 1113 : 1629
1099 1025 : 410
1099 1089 : 544
1099 1023 : 549
1099 4033 : 951
1099 1049 : 638
1099 1040 : 548
1099 1065 : 677
1099 1118 : 390
1099 3004 : 432
1099 1131 : 476
1099 2070 : 670
1099 2079 : 688
1099 2016 : 433
1099 1195 : 405
1109 1032 : 792
1109 2010 : 1675
1109 1008 : 476
1109 1031 : 549
1109 1017 : 665
1109 1049 : 485
1109 1065 : 368
1109 2070 : 402
1032 2010 : 3394
1032 2003 : 668
1032 1111 : 823
1032 1008 : 988
1032 2002 : 390
1032 2023 : 369
1032 1064 : 630
1032 1058 : 725
1032 1071 : 456
1032 2005 : 445
1032 1054 : 433
1032 1017 : 1501
1032 1077 : 393
1032 1063 : 583
1032 4029 : 487
1032 1016 : 694
1032 4041 : 397
1032 1039 : 597
1032 1113 : 2348
1032 1025 : 401
1032 1089 : 407
1032 1023 : 425
1032 4033 : 758
1032 1049 : 1086
1032 5000 : 424
1032 1065 : 877
1032 3004 : 622
1032 1131 : 620
1032 2065 : 451
1032 2070 : 771
1032 2079 : 678
1032 2016 : 429
2010 2003 : 3625
2010 1111 : 1573
2010 2038 : 372
2010 1008 : 3479
2010 1027 : 691
2010 2002 : 1822
2010 2021 : 1516
2010 2023 : 1631
2010 1064 : 1352
2010 2025 : 1207
2010 2041 : 652
2010 3013 : 486
2010 1031 : 2564
2010 1058 : 2023
2010 1071 : 1839
2010 2005 : 2277
2010 2037 : 733
2010 1054 : 746
2010 1017 : 3601
2010 1078 : 1376
2010 2004 : 739
2010 1077 : 1654
2010 1080 : 586
2010 1063 : 2005
2010 4029 : 2049
2010 1070 : 421
2010 1016 : 1573
2010 1011 : 747
2010 2000 : 1523
2010 1005 : 703
2010 4041 : 1064
2010 1039 : 1528
2010 1113 : 6294
2010 2033 : 583
2010 1025 : 1227
2010 4040 : 372
2010 1115 : 481
2010 4028 : 410
2010 1089 : 944
2010 2051 : 580
2010 4038 : 722
2010 1023 : 1514
2010 1116 : 641
2010 4043 : 1291
2010 1114 : 436
2010 4033 : 2412
2010 1049 : 2527
2010 5000 : 1636
2010 1030 : 728
2010 1036 : 380
2010 1040 : 1249
2010 1065 : 2043
2010 2048 : 965
2010 2008 : 472
2010 2055 : 494
2010 5001 : 581
2010 1090 : 872
2010 2015 : 756
2010 1118 : 795
2010 1112 : 386
2010 3004 : 1226
2010 1122 : 781
2010 1131 : 1583
2010 2059 : 1122
2010 1136 : 520
2010 1138 : 404
2010 1133 : 669
2010 1132 : 487
2010 1140 : 511
2010 1067 : 541
2010 1141 : 408
2010 2039 : 578
2010 1120 : 393
2010 1084 : 620
2010 1081 : 529
2010 2065 : 1191
2010 2070 : 4111
2010 1149 : 685
2010 1148 : 383
2010 2073 : 420
2010 2001 : 559
2010 1107 : 834
2010 2079 : 3444
2010 2076 : 494
2010 2016 : 1877
2010 1167 : 717
2010 2087 : 949
2010 1195 : 986
2010 2105 : 434
2010 2017 : 748
2010 2109 : 375
2010 2117 : 481
2010 2118 : 704
2010 9349 : 412
2010 2122 : 394
2010 2007 : 654
2010 1232 : 751
2010 1038 : 719
2010 9937 : 467
2010 2143 : 449
2003 1008 : 842
2003 2002 : 437
2003 1031 : 516
2003 1058 : 449
2003 1071 : 393
2003 1017 : 888
2003 1077 : 375
2003 1063 : 462
2003 4029 : 410
2003 1113 : 1348
2003 4033 : 518
2003 1049 : 552
2003 5000 : 384
2003 1065 : 427
2003 2070 : 843
2003 2079 : 980
1111 1008 : 440
1111 1031 : 537
1111 1017 : 618
1111 1063 : 364
1111 1049 : 605
1111 1065 : 389
1008 2002 : 487
1008 2023 : 390
1008 1064 : 530
1008 2025 : 426
1008 1031 : 735
1008 1058 : 1322
1008 1071 : 565
1008 2005 : 410
1008 1017 : 1644
1008 1078 : 552
1008 1077 : 616
1008 1063 : 947
1008 1016 : 634
1008 1011 : 459
1008 1039 : 614
1008 1113 : 1947
1008 1025 : 476
1008 1089 : 493
1008 1023 : 1113
1008 4033 : 1271
1008 1049 : 672
1008 5000 : 433
1008 1030 : 364
1008 1040 : 521
1008 1065 : 824
1008 1118 : 783
1008 3004 : 398
1008 1131 : 593
1008 2065 : 519
1008 2070 : 852
1008 2079 : 978
1008 2016 : 554
1008 1195 : 379
1027 1039 : 442
1027 1113 : 720
2002 1017 : 427
2002 1063 : 382
2002 1113 : 758
2002 4033 : 399
2002 2070 : 466
2002 2079 : 536
2021 1017 : 370
2021 1113 : 592
2021 2070 : 516
2023 1017 : 416
2023 1113 : 708
2023 2070 : 636
2023 2079 : 381
1064 1031 : 512
1064 1058 : 399
1064 1017 : 901
1064 1063 : 706
1064 1016 : 372
1064 1039 : 396
1064 1113 : 1096
1064 1049 : 391
1064 1065 : 499
1064 3004 : 402
1064 1131 : 401
2025 1113 : 502
2025 2079 : 402
1031 1058 : 557
1031 1017 : 1029
1031 1077 : 407
1031 1063 : 526
1031 4029 : 393
1031 1016 : 535
1031 1039 : 405
1031 1113 : 1868
1031 1025 : 460
1031 1023 : 375
1031 4033 : 750
1031 1049 : 1203
1031 5000 : 387
1031 1065 : 797
1031 3004 : 414
1031 1131 : 483
1031 2070 : 558
1031 2079 : 473
1031 2016 : 368
1058 1017 : 1326
1058 1063 : 757
1058 1016 : 594
1058 1039 : 389
1058 1113 : 1293
1058 1089 : 578
1058 1023 : 438
1058 4033 : 724
1058 1049 : 480
1058 1040 : 368
1058 1065 : 682
1058 1131 : 414
1058 2070 : 437
1058 2079 : 527
1071 1017 : 469
1071 1063 : 690
1071 1113 : 1128
1071 4033 : 395
1071 1049 : 400
1071 1065 : 398
1071 2070 : 423
1071 2079 : 487
2005 1017 : 439
2005 1113 : 840
2005 2070 : 652
2005 2079 : 652
1054 1113 : 533
1017 1078 : 612
1017 1077 : 539
1017 1063 : 1047
1017 4029 : 438
1017 1016 : 1831
1017 1039 : 677
1017 1113 : 2047
1017 1025 : 640
1017 1089 : 551
1017 1023 : 607
1017 4033 : 1039
1017 1049 : 971
1017 5000 : 430
1017 1030 : 371
1017 1040 : 560
1017 1065 : 1246
1017 3004 : 609
1017 1131 : 745
1017 1018 : 404
1017 2065 : 472
1017 2070 : 877
1017 1107 : 413
1017 2079 : 813
1017 2016 : 550
1017 1195 : 511
1078 1063 : 396
1078 1113 : 600
1078 4033 : 430
1078 2070 : 412
2004 1113 : 401
1077 1063 : 807
1077 1113 : 1108
1077 4033 : 464
1063 1016 : 474
1063 1039 : 441
1063 1113 : 1326
1063 4033 : 654
1063 1049 : 416
1063 1065 : 558
1063 1131 : 472
1063 2070 : 479
1063 2079 : 485
4029 1113 : 623
4029 1049 : 572
4029 2059 : 575
4029 2017 : 411
4029 2007 : 372
1016 1039 : 402
1016 1113 : 1278
1016 1023 : 371
1016 4033 : 525
1016 1049 : 433
1016 1065 : 599
1016 3004 : 406
1016 2070 : 407
1011 1113 : 416
2000 1113 : 515
2000 2070 : 533
2000 2079 : 377
1005 1113 : 506
4041 1113 : 841
1039 1113 : 1201
1039 4033 : 451
1039 1065 : 745
1039 3004 : 702
1039 1131 : 458
1039 2070 : 418
1039 1038 : 578
1113 1025 : 661
1113 1115 : 449
1113 1089 : 558
1113 1023 : 942
1113 4043 : 530
1113 4033 : 1355
1113 1049 : 1695
1113 5000 : 922
1113 1030 : 418
1113 1040 : 783
1113 1065 : 1492
1113 2048 : 472
1113 1090 : 537
1113 1118 : 505
1113 3004 : 1228
1113 1122 : 425
1113 1131 : 1009
1113 1136 : 402
1113 1133 : 471
1113 1140 : 494
1113 1081 : 474
1113 2065 : 593
1113 2070 : 1507
1113 1149 : 494
1113 1152 : 387
1113 2079 : 1356
1113 2016 : 758
1113 1167 : 394
1113 2087 : 514
1113 1195 : 449
1113 2118 : 379
1113 1232 : 538
1113 1038 : 610
1025 4033 : 685
1025 1049 : 471
1025 1065 : 446
1023 4033 : 603
1023 1049 : 394
1023 1065 : 364
1023 2070 : 474
1023 2079 : 402
4043 2070 : 415
4033 1049 : 615
4033 5000 : 420
4033 1040 : 406
4033 1065 : 658
4033 3004 : 419
4033 1131 : 373
4033 2070 : 638
4033 2079 : 529
4033 1195 : 372
1049 5000 : 484
1049 1065 : 809
1049 1131 : 406
1049 2070 : 491
1049 2079 : 537
5000 1065 : 467
5000 2070 : 464
1040 1065 : 629
1040 2070 : 368
1065 1090 : 513
1065 3004 : 783
1065 1131 : 442
1065 2070 : 489
1065 1149 : 410
1065 2079 : 407
3010 3004 : 471
3004 1131 : 431
1131 2070 : 372
2065 2070 : 455
2065 2079 : 379
2070 2079 : 1007
1152 1212 : 400
1079 1076 2010 : 407
1079 2010 1008 : 427
1079 2010 1017 : 365
1079 2010 1113 : 590
1037 2010 1017 : 387
1037 2010 1113 : 373
1021 1002 2010 : 506
1021 1002 1008 : 388
1021 1076 2010 : 388
1021 1099 2010 : 489
1021 1032 2010 : 367
1021 2010 1008 : 654
1021 2010 1017 : 471
1021 2010 1113 : 627
1021 2010 2079 : 396
1021 1008 1113 : 373
1033 1099 2010 : 384
1033 1099 1017 : 381
1033 2010 1017 : 398
1033 2010 1113 : 521
2045 1032 2010 : 394
2045 2010 1008 : 418
2045 2010 1031 : 383
2045 2010 1017 : 436
2045 2010 1113 : 680
2045 2010 4029 : 369
2045 2010 2016 : 377
1002 1076 2010 : 369
1002 1099 2010 : 434
1002 2010 1008 : 675
1002 2010 1017 : 444
1002 2010 1113 : 679
1002 2010 4033 : 365
1002 1008 1017 : 378
1002 1008 1113 : 447
1076 1099 2010 : 532
1076 1032 2010 : 395
1076 2010 1008 : 657
1076 2010 1017 : 583
1076 2010 1063 : 388
1076 2010 1113 : 746
1076 2010 4033 : 409
1076 2010 2070 : 377
1076 2010 2079 : 484
1099 1032 2010 : 438
1099 2010 2003 : 364
1099 2010 1008 : 675
1099 2010 1058 : 438
1099 2010 1017 : 744
1099 2010 1113 : 759
1099 2010 4033 : 410
1099 2010 2079 : 410
1099 1008 1017 : 490
1099 1008 1113 : 430
1099 1058 1017 : 411
1099 1017 1113 : 489
1032 2010 1008 : 484
1032 2010 1017 : 668
1032 2010 1113 : 973
1032 2010 4033 : 379
1032 2010 1049 : 398
1032 2010 2070 : 415
1032 2010 2079 : 377
1032 1017 1113 : 399
2010 2003 1008 : 519
2010 2003 1017 : 487
2010 2003 1113 : 792
2010 2003 2070 : 485
2010 2003 2079 : 600
2010 1008 1058 : 576
2010 1008 1017 : 798
2010 1008 1063 : 441
2010 1008 1113 : 1029
2010 1008 1023 : 444
2010 1008 4033 : 588
2010 1008 2070 : 518
2010 1008 2079 : 622
2010 1008 2016 : 379
2010 1031 1017 : 412
2010 1031 1113 : 702
2010 1031 1049 : 425
2010 1058 1017 : 549
2010 1058 1113 : 573
2010 1071 1113 : 455
2010 1017 1063 : 418
2010 1017 1016 : 580
2010 1017 1113 : 894
2010 1017 4033 : 486
2010 1017 1049 : 393
2010 1017 1065 : 445
2010 1017 2070 : 488
2010 1017 2079 : 484
2010 1077 1113 : 437
2010 1063 1113 : 483
2010 1016 1113 : 529
2010 1039 1113 : 476
2010 1113 1023 : 450
2010 1113 4033 : 653
2010 1113 1049 : 626
2010 1113 1065 : 505
2010 1113 2070 : 788
2010 1113 2079 : 827
2010 1113 2032 : 495
2010 1113 2002 : 381
2010 1113 2005 : 464
2010 1113 3004 : 401
2010 1113 1131 : 377
2010 1113 2016 : 476
2010 2070 2079 : 628
2010 2070 2005 : 364
2010 2079 2032 : 376
2010 2079 2005 : 373
1008 1058 1017 : 464
1008 1058 1113 : 407
1008 1017 1113 : 508
1031 1113 1049 : 378
1017 1016 1113 : 409