1079
2032
1037
2036
1021
1033
2030
2045
1073
2022
1002
1076
1099
1109
1032
2010
2003
1111
1008
1027
2002
2021
2023
1064
2025
2041
3013
1031
1058
1071
2005
2037
1054
1017
1078
2004
1077
1080
1063
4029
1070
1016
1011
2000
1005
4041
1029
1039
1113
2033
2027
1025
4040
1115
1089
2051
4038
1023
1116
4043
1114
4033
1049
5000
1030
1036
1040
1065
2048
1015
2055
5001
1090
2015
1118
1112
3004
1122
1131
2059
1136
3005
1133
1132
1140
1139
1067
1141
2039
1120
1084
1081
2065
2070
1149
1148
2073
2001
1152
1107
2079
2076
1163
2016
1167
2087
1195
1205
2017
2118
1222
9349
2007
1232
1038
9937
2143
1079 2010
1079 1113
2032 2010
1037 2010
1021 2010
1021 1008
1021 1113
1033 2010
1033 1113
2030 2010
2045 2010
2045 1113
1073 2010
1002 2010
1002 1008
1002 1113
1076 2010
1076 1008
1076 1113
1099 2010
1099 1008
1099 1017
1099 1113
1109 2010
1032 2010
1032 1017
1032 1113
2010 2003
2010 1111
2010 1008
2010 2002
2010 2021
2010 2023
2010 1064
2010 1031
2010 1058
2010 1071
2010 2005
2010 1017
2010 1078
2010 1077
2010 1063
2010 4029
2010 1016
2010 2000
2010 1039
2010 1113
2010 1023
2010 4043
2010 4033
2010 1049
2010 5000
2010 1065
2010 1131
2010 2070
2010 2079
2010 2016
2003 1113
1008 1058
1008 1017
1008 1113
1031 1113
1058 1017
1058 1113
1017 1016
1017 1113
1063 1113
1016 1113
1113 4033
1113 1049
1113 1065
1113 2070
1113 2079