1079 : 7609
2032 : 6260
1037 : 7475
2036 : 2851
1021 : 7036
1033 : 7782
2030 : 3959
2045 : 12758
1073 : 5099
2022 : 3687
1002 : 7209
1076 : 8701
1099 : 8586
1109 : 5412
1032 : 10511
2010 : 43227
2003 : 8106
1111 : 4839
1008 : 9814
1027 : 2997
2002 : 5060
2021 : 5684
2023 : 4722
1064 : 4929
2025 : 2534
2041 : 1954
3013 : 2227
1031 : 8236
1058 : 6398
1071 : 6638
2005 : 5361
2037 : 1841
1054 : 2667
1017 : 11414
1078 : 4437
2004 : 1747
1077 : 5576
1080 : 2073
1063 : 6999
4029 : 5687
1016 : 5494
1011 : 2009
2000 : 4417
1005 : 2655
4041 : 4518
1039 : 6265
1113 : 20297
2033 : 1554
1025 : 4706
4040 : 1628
1115 : 2195
1089 : 3489
2051 : 2009
4038 : 1863
1023 : 4847
1116 : 1799
4043 : 3676
1114 : 1887
4033 : 6836
1049 : 8988
5000 : 6233
1030 : 2049
1040 : 4954
1065 : 9168
2048 : 2876
1015 : 1731
2055 : 1948
5001 : 2139
1090 : 3581
2015 : 1977
1118 : 2278
3004 : 5891
1122 : 2741
1131 : 6277
2059 : 3412
1136 : 1849
1133 : 2399
1132 : 1935
1140 : 1933
1067 : 1799
2039 : 1786
1120 : 1702
1084 : 1752
1081 : 2910
2065 : 3125
2070 : 10243
1149 : 3315
1152 : 1619
1107 : 2293
2079 : 7482
2016 : 4298
1167 : 3081
2087 : 2607
1195 : 3121
1205 : 1507
2017 : 2878
2118 : 2047
2007 : 1978
1232 : 2357
1038 : 3192
1079 2010 : 2244
2032 2010 : 2252
1037 2010 : 1890
1021 2010 : 2350
1033 2010 : 1981
1033 1113 : 1464
2030 2010 : 1547
2045 2010 : 3353
1073 2010 : 1528
1002 2010 : 2339
1002 1008 : 1524
1002 1113 : 1467
1076 2010 : 2919
1099 2010 : 2723
1099 1008 : 1620
1099 1017 : 1874
1099 1113 : 1629
1109 2010 : 1675
1032 2010 : 3394
1032 1017 : 1501
1032 1113 : 2348
2010 2003 : 3625
2010 1111 : 1573
2010 1008 : 3479
2010 2002 : 1822
2010 2021 : 1516
2010 2023 : 1631
2010 1031 : 2564
2010 1058 : 2023
2010 1071 : 1839
2010 2005 : 2277
2010 1017 : 3601
2010 1077 : 1654
2010 1063 : 2005
2010 4029 : 2049
2010 1016 : 1573
2010 2000 : 1523
2010 1039 : 1528
2010 1113 : 6294
2010 1023 : 1514
2010 4033 : 2412
2010 1049 : 2527
2010 5000 : 1636
2010 1065 : 2043
2010 1131 : 1583
2010 2070 : 4111
2010 2079 : 3444
2010 2016 : 1877
1008 1017 : 1644
1008 1113 : 1947
1031 1113 : 1868
1017 1016 : 1831
1017 1113 : 2047
1113 1049 : 1695
1113 1065 : 1492
1113 2070 : 1507