1079
2032
1001
1203
1014
1037
2036
1021
1033
2030
2045
1073
2022
1002
1076
1099
1109
1032
1034
2010
2003
1111
2038
1008
1027
2002
2021
2023
1064
2025
2041
3013
1031
1058
1071
1066
2005
2037
1054
2031
1017
1078
2004
1077
1012
1080
1063
4030
4029
1094
2019
1070
1010
1016
1011
2000
1005
1053
4041
1029
1039
1113
2033
2027
1025
4040
1115
4035
4028
1089
2051
4038
1023
1116
1045
1035
2046
4043
1114
4033
3014
1049
5000
1119
1030
1036
1040
1065
2048
3010
1015
2008
2055
5001
1090
2015
2013
1118
1112
3004
1122
2056
1127
5002
2058
1128
1131
1018
2059
4039
1136
1138
3005
1133
1132
1140
1139
3000
1051
1142
1067
1141
1135
2024
2061
2039
1120
1084
1145
6011
2060
1081
1009
3006
2065
6012
6017
2067
2063
2064
4064
2070
2069
1149
2018
2072
1148
2073
2001
1152
1107
4032
2074
2071
2075
2078
1160
2079
2076
2062
2080
1163
1166
4080
2016
1167
5004
1169
2086
1172
1173
1168
2087
1176
1177
1182
1184
1190
1193
9000
9001
9002
1195
2101
2102
2103
9086
9100
2104
2105
2106
1205
9181
2017
2109
2110
1212
2117
2118
1222
9345
9349
1225
2122
1228
2123
2124
2007
2040
2125
1232
1231
1237
1038
9937
2143
2146
3024
2150
1252
3030
1079 1037
1079 1021
1079 1033
1079 2045
1079 1073
1079 1002
1079 1076
1079 1099
1079 1032
1079 2010
1079 2003
1079 1008
1079 1031
1079 1058
1079 1071
1079 1017
1079 1077
1079 1063
1079 1016
1079 1039
1079 1113
1079 1023
1079 4033
1079 1049
1079 1040
1079 1065
1079 2070
1079 2079
2032 1021
2032 2045
2032 1076
2032 1099
2032 1032
2032 2010
2032 2003
2032 1008
2032 2002
2032 2005
2032 1017
2032 1113
2032 2070
2032 2079
1001 2010
1037 1021
1037 1033
1037 2045
1037 1073
1037 1002
1037 1076
1037 1099
1037 1109
1037 1032
1037 2010
1037 2003
1037 1008
1037 1064
1037 1031
1037 1058
1037 1071
1037 1017
1037 1077
1037 1063
1037 1016
1037 1039
1037 1113
1037 4033
1037 1049
1037 1040
1037 1065
1037 3004
1037 1131
1037 2070
1037 2079
2036 2045
2036 2010
2036 4029
1021 2045
1021 1073
1021 1002
1021 1076
1021 1099
1021 1032
1021 2010
1021 2003
1021 1008
1021 2002
1021 1064
1021 1031
1021 1058
1021 1071
1021 1017
1021 1077
1021 1063
1021 1016
1021 1039
1021 1113
1021 1023
1021 1049
1021 1040
1021 1065
1021 1118
1021 1131
1021 2070
1021 2079
1021 1195
1033 2045
1033 1002
1033 1076
1033 1099
1033 1032
1033 2010
1033 2003
1033 1008
1033 1027
1033 1064
1033 1031
1033 1058
1033 1017
1033 1063
1033 1016
1033 4041
1033 1039
1033 1113
1033 1023
1033 4033
1033 1049
1033 1040
1033 1065
1033 3004
1033 2070
2030 2045
2030 2010
2030 1017
2030 1113
2045 2022
2045 1002
2045 1076
2045 1099
2045 1109
2045 1032
2045 2010
2045 2003
2045 1111
2045 1008
2045 2002
2045 2021
2045 2023
2045 1064
2045 2041
2045 1031
2045 1058
2045 1071
2045 2005
2045 1017
2045 1063
2045 4029
2045 1016
2045 1039
2045 1113
2045 1025
2045 1023
2045 4033
2045 1049
2045 5000
2045 1065
2045 3004
2045 1131
2045 2059
2045 2070
2045 2079
2045 2016
2045 2017
1073 1002
1073 1076
1073 1099
1073 1032
1073 2010
1073 1008
1073 1064
1073 1031
1073 1058
1073 1017
1073 1063
1073 1113
1073 4033
1073 1065
1073 2070
1073 2079
2022 2010
2022 4029
2022 1113
1002 1076
1002 1099
1002 1109
1002 1032
1002 2010
1002 2003
1002 1008
1002 1064
1002 1031
1002 1058
1002 1071
1002 1017
1002 1077
1002 1063
1002 1016
1002 1039
1002 1113
1002 1023
1002 4033
1002 1049
1002 5000
1002 1040
1002 1065
1002 1118
1002 3004
1002 1131
1002 2070
1002 2079
1076 1099
1076 1109
1076 1032
1076 2010
1076 2003
1076 1008
1076 2002
1076 1064
1076 1031
1076 1058
1076 1071
1076 2005
1076 1017
1076 1078
1076 1077
1076 1063
1076 4029
1076 1016
1076 1039
1076 1113
1076 1025
1076 1089
1076 1023
1076 4033
1076 1049
1076 1040
1076 1065
1076 1131
1076 2070
1076 2079
1076 2016
1099 1109
1099 1032
1099 2010
1099 2003
1099 1111
1099 1008
1099 2002
1099 1064
1099 1031
1099 1058
1099 1071
1099 1017
1099 1078
1099 1077
1099 1063
1099 1016
1099 1039
1099 1113
1099 1025
1099 1089
1099 1023
1099 4033
1099 1049
1099 1040
1099 1065
1099 1118
1099 3004
1099 1131
1099 2070
1099 2079
1099 2016
1099 1195
1109 1032
1109 2010
1109 1008
1109 1031
1109 1017
1109 1049
1109 1065
1109 2070
1032 2010
1032 2003
1032 1111
1032 1008
1032 2002
1032 2023
1032 1064
1032 1058
1032 1071
1032 2005
1032 1054
1032 1017
1032 1077
1032 1063
1032 4029
1032 1016
1032 4041
1032 1039
1032 1113
1032 1025
1032 1089
1032 1023
1032 4033
1032 1049
1032 5000
1032 1065
1032 3004
1032 1131
1032 2065
1032 2070
1032 2079
1032 2016
2010 2003
2010 1111
2010 2038
2010 1008
2010 1027
2010 2002
2010 2021
2010 2023
2010 1064
2010 2025
2010 2041
2010 3013
2010 1031
2010 1058
2010 1071
2010 2005
2010 2037
2010 1054
2010 1017
2010 1078
2010 2004
2010 1077
2010 1080
2010 1063
2010 4029
2010 1070
2010 1016
2010 1011
2010 2000
2010 1005
2010 4041
2010 1039
2010 1113
2010 2033
2010 1025
2010 4040
2010 1115
2010 4028
2010 1089
2010 2051
2010 4038
2010 1023
2010 1116
2010 4043
2010 1114
2010 4033
2010 1049
2010 5000
2010 1030
2010 1036
2010 1040
2010 1065
2010 2048
2010 2008
2010 2055
2010 5001
2010 1090
2010 2015
2010 1118
2010 1112
2010 3004
2010 1122
2010 1131
2010 2059
2010 1136
2010 1138
2010 1133
2010 1132
2010 1140
2010 1067
2010 1141
2010 2039
2010 1120
2010 1084
2010 1081
2010 2065
2010 2070
2010 1149
2010 1148
2010 2073
2010 2001
2010 1107
2010 2079
2010 2076
2010 2016
2010 1167
2010 2087
2010 1195
2010 2105
2010 2017
2010 2109
2010 2117
2010 2118
2010 9349
2010 2122
2010 2007
2010 1232
2010 1038
2010 9937
2010 2143
2003 1008
2003 2002
2003 1031
2003 1058
2003 1071
2003 1017
2003 1077
2003 1063
2003 4029
2003 1113
2003 4033
2003 1049
2003 5000
2003 1065
2003 2070
2003 2079
1111 1008
1111 1031
1111 1017
1111 1063
1111 1049
1111 1065
1008 2002
1008 2023
1008 1064
1008 2025
1008 1031
1008 1058
1008 1071
1008 2005
1008 1017
1008 1078
1008 1077
1008 1063
1008 1016
1008 1011
1008 1039
1008 1113
1008 1025
1008 1089
1008 1023
1008 4033
1008 1049
1008 5000
1008 1030
1008 1040
1008 1065
1008 1118
1008 3004
1008 1131
1008 2065
1008 2070
1008 2079
1008 2016
1008 1195
1027 1039
1027 1113
2002 1017
2002 1063
2002 1113
2002 4033
2002 2070
2002 2079
2021 1017
2021 1113
2021 2070
2023 1017
2023 1113
2023 2070
2023 2079
1064 1031
1064 1058
1064 1017
1064 1063
1064 1016
1064 1039
1064 1113
1064 1049
1064 1065
1064 3004
1064 1131
2025 1113
2025 2079
1031 1058
1031 1017
1031 1077
1031 1063
1031 4029
1031 1016
1031 1039
1031 1113
1031 1025
1031 1023
1031 4033
1031 1049
1031 5000
1031 1065
1031 3004
1031 1131
1031 2070
1031 2079
1031 2016
1058 1017
1058 1063
1058 1016
1058 1039
1058 1113
1058 1089
1058 1023
1058 4033
1058 1049
1058 1040
1058 1065
1058 1131
1058 2070
1058 2079
1071 1017
1071 1063
1071 1113
1071 4033
1071 1049
1071 1065
1071 2070
1071 2079
2005 1017
2005 1113
2005 2070
2005 2079
1054 1113
1017 1078
1017 1077
1017 1063
1017 4029
1017 1016
1017 1039
1017 1113
1017 1025
1017 1089
1017 1023
1017 4033
1017 1049
1017 5000
1017 1030
1017 1040
1017 1065
1017 3004
1017 1131
1017 1018
1017 2065
1017 2070
1017 1107
1017 2079
1017 2016
1017 1195
1078 1063
1078 1113
1078 4033
1078 2070
2004 1113
1077 1063
1077 1113
1077 4033
1063 1016
1063 1039
1063 1113
1063 4033
1063 1049
1063 1065
1063 1131
1063 2070
1063 2079
4029 1113
4029 1049
4029 2059
4029 2017
4029 2007
1016 1039
1016 1113
1016 1023
1016 4033
1016 1049
1016 1065
1016 3004
1016 2070
1011 1113
2000 1113
2000 2070
2000 2079
1005 1113
4041 1113
1039 1113
1039 4033
1039 1065
1039 3004
1039 1131
1039 2070
1039 1038
1113 1025
1113 1115
1113 1089
1113 1023
1113 4043
1113 4033
1113 1049
1113 5000
1113 1030
1113 1040
1113 1065
1113 2048
1113 1090
1113 1118
1113 3004
1113 1122
1113 1131
1113 1136
1113 1133
1113 1140
1113 1081
1113 2065
1113 2070
1113 1149
1113 1152
1113 2079
1113 2016
1113 1167
1113 2087
1113 1195
1113 2118
1113 1232
1113 1038
1025 4033
1025 1049
1025 1065
1023 4033
1023 1049
1023 1065
1023 2070
1023 2079
4043 2070
4033 1049
4033 5000
4033 1040
4033 1065
4033 3004
4033 1131
4033 2070
4033 2079
4033 1195
1049 5000
1049 1065
1049 1131
1049 2070
1049 2079
5000 1065
5000 2070
1040 1065
1040 2070
1065 1090
1065 3004
1065 1131
1065 2070
1065 1149
1065 2079
3010 3004
3004 1131
1131 2070
2065 2070
2065 2079
2070 2079
1152 1212
1079 1076 2010
1079 2010 1008
1079 2010 1017
1079 2010 1113
1037 2010 1017
1037 2010 1113
1021 1002 2010
1021 1002 1008
1021 1076 2010
1021 1099 2010
1021 1032 2010
1021 2010 1008
1021 2010 1017
1021 2010 1113
1021 2010 2079
1021 1008 1113
1033 1099 2010
1033 1099 1017
1033 2010 1017
1033 2010 1113
2045 1032 2010
2045 2010 1008
2045 2010 1031
2045 2010 1017
2045 2010 1113
2045 2010 4029
2045 2010 2016
1002 1076 2010
1002 1099 2010
1002 2010 1008
1002 2010 1017
1002 2010 1113
1002 2010 4033
1002 1008 1017
1002 1008 1113
1076 1099 2010
1076 1032 2010
1076 2010 1008
1076 2010 1017
1076 2010 1063
1076 2010 1113
1076 2010 4033
1076 2010 2070
1076 2010 2079
1099 1032 2010
1099 2010 2003
1099 2010 1008
1099 2010 1058
1099 2010 1017
1099 2010 1113
1099 2010 4033
1099 2010 2079
1099 1008 1017
1099 1008 1113
1099 1058 1017
1099 1017 1113
1032 2010 1008
1032 2010 1017
1032 2010 1113
1032 2010 4033
1032 2010 1049
1032 2010 2070
1032 2010 2079
1032 1017 1113
2010 2003 1008
2010 2003 1017
2010 2003 1113
2010 2003 2070
2010 2003 2079
2010 1008 1058
2010 1008 1017
2010 1008 1063
2010 1008 1113
2010 1008 1023
2010 1008 4033
2010 1008 2070
2010 1008 2079
2010 1008 2016
2010 1031 1017
2010 1031 1113
2010 1031 1049
2010 1058 1017
2010 1058 1113
2010 1071 1113
2010 1017 1063
2010 1017 1016
2010 1017 1113
2010 1017 4033
2010 1017 1049
2010 1017 1065
2010 1017 2070
2010 1017 2079
2010 1077 1113
2010 1063 1113
2010 1016 1113
2010 1039 1113
2010 1113 1023
2010 1113 4033
2010 1113 1049
2010 1113 1065
2010 1113 2070
2010 1113 2079
2010 1113 2032
2010 1113 2002
2010 1113 2005
2010 1113 3004
2010 1113 1131
2010 1113 2016
2010 2070 2079
2010 2070 2005
2010 2079 2032
2010 2079 2005
1008 1058 1017
1008 1058 1113
1008 1017 1113
1031 1113 1049
1017 1016 1113