2031
9001
9086
1231
2106
1009
2080
9100
9181
2018
1066
1051
1252
1237
2056
4039
2060
1127
5002
1168
1190
2086
1160
2063
5004
2101
2075
2146
3006
2104
3024
1014
1128
4035
1173
6012
2058
1010
4030
1212
1212 1152
1135
1145
2024
2061
2064
1176
2124
9345
2062
1035
2103
6017
9002
1193
4032
2078
2069
3030
2013
2074
2067
3000
1045
2123
3014
2125
2072
6011
1053
1018
1018 1017
2110
1094
2102
1184
2019
1166
9000
1228
2122
2122 2010
1169
1142
1182
2109
2109 2010
1138
1138 2010
1172
1225
2046
2038
2038 2010
1012
2105
2105 2010
1203
2008
2008 2010
4064
2071
2040
1034
4028
4028 2010
3010
3010 3004
2117
2117 2010
1119
4080
1001
1001 2010
1177
2150
1163
3005
2076
2076 2010
1029
2027
1141
1141 2010
2143
2143 2010
1148
1148 2010
1139
1222
2001
2001 2010
1036
1036 2010
2073
2073 2010
1070
1070 2010
9349
9349 2010
1112
1112 2010
9937
9937 2010
1205
2033
2033 2010
1152
1152 1113
4040
4040 2010
1120
1120 2010
1015
2004
2004 1113
2004 2010
1084
1084 2010
2039
2039 2010
1116
1116 2010
1067
1067 2010
2037
2037 2010
1136
1136 1113
1136 2010
4038
4038 2010
1114
1114 2010
1140
1140 1113
1140 2010
1132
1132 2010
2055
2055 2010
2041
2041 2045
2041 2010
2015
2015 2010
2007
2007 4029
2007 2010
1011
1011 1113
1011 1008
1011 2010
2051
2051 2010
2118
2118 1113
2118 2010
1030
1030 1008
1030 1017
1030 1113
1030 2010
1080
1080 2010
5001
5001 2010
1115
1115 1113
1115 2010
3013
3013 2010
1118
1118 1021
1118 1099
1118 1002
1118 1113
1118 1008
1118 2010
1107
1107 1017
1107 2010
1232
1232 1113
1232 2010
1133
1133 1113
1133 2010
2025
2025 2079
2025 1008
2025 1113
2025 2010
2087
2087 1113
2087 2010
1005
1005 1113
1005 2010
1054
1054 1032
1054 1113
1054 2010
1122
1122 1113
1122 2010
2036
2036 4029
2036 2045
2036 2010
2048
2048 1113
2048 2010
2017
2017 4029
2017 2045
2017 2010
1081
1081 1113
1081 2010
1027
1027 1033
1027 1039
1027 2010
1027 1113
1167
1167 1113
1167 2010
1195
1195 4033
1195 1008
1195 1021
1195 1099
1195 1113
1195 1017
1195 2010
2065
2065 2079
2065 1032
2065 2070
2065 1017
2065 1008
2065 1113
2065 2010
1038
1038 1039
1038 1113
1038 2010
1149
1149 1065
1149 1113
1149 2010
2059
2059 2045
2059 4029
2059 2010
1089
1089 1076
1089 1032
1089 1008
1089 1099
1089 1017
1089 1113
1089 1058
1089 2010
1090
1090 1065
1090 1113
1090 2010
4043
4043 2070
4043 1113
4043 2010
2022
2022 4029
2022 1113
2022 2045
2022 2010
2030
2030 1017
2030 1113
2030 2045
2030 2010
2016
2016 1031
2016 1076
2016 1032
2016 1099
2016 1017
2016 1008
2016 1008 2010
2016 2045
2016 2045 2010
2016 1113
2016 1113 2010
2016 2010
2000
2000 2079
2000 1113
2000 2070
2000 2010
1078
1078 1063
1078 2070
1078 4033
1078 1099
1078 1008
1078 1113
1078 1017
1078 1076
1078 2010
4041
4041 1032
4041 1033
4041 1113
4041 2010
1025
1025 1032
1025 1076
1025 1099
1025 2045
1025 1065
1025 1031
1025 1049
1025 1008
1025 1017
1025 1113
1025 4033
1025 2010
2023
2023 1032
2023 2079
2023 1008
2023 1017
2023 2045
2023 2070
2023 1113
2023 2010
1111
1111 1063
1111 1065
1111 1099
1111 2045
1111 1008
1111 1031
1111 1049
1111 1017
1111 1032
1111 2010
1023
1023 1065
1023 1016
1023 1031
1023 1021
1023 1049
1023 2079
1023 1033
1023 1032
1023 2045
1023 1058
1023 1079
1023 2070
1023 1002
1023 1076
1023 1099
1023 4033
1023 1017
1023 1113
1023 1113 2010
1023 1008
1023 1008 2010
1023 2010
1064
1064 2045
1064 1016
1064 1033
1064 1002
1064 1049
1064 1039
1064 1058
1064 1131
1064 3004
1064 1073
1064 1076
1064 1065
1064 1021
1064 1031
1064 1099
1064 1008
1064 1037
1064 1032
1064 1063
1064 1017
1064 1113
1064 2010
1040
1040 1058
1040 2070
1040 1033
1040 1002
1040 4033
1040 1021
1040 1037
1040 1079
1040 1076
1040 1008
1040 1099
1040 1017
1040 1065
1040 1113
1040 2010
2002
2002 1021
2002 2045
2002 1063
2002 1032
2002 1099
2002 4033
2002 2032
2002 1017
2002 2003
2002 1076
2002 2070
2002 1008
2002 2079
2002 1113
2002 1113 2010
2002 2010
1073
1073 2079
1073 4033
1073 2070
1073 1058
1073 1031
1073 1065
1073 1079
1073 1002
1073 1037
1073 1032
1073 1021
1073 1099
1073 1008
1073 1076
1073 1063
1073 1017
1073 1113
1073 2010
2005
2005 1076
2005 2032
2005 1008
2005 2045
2005 1017
2005 1032
2005 2070
2005 2070 2010
2005 2079
2005 2079 2010
2005 1113
2005 1113 2010
2005 2010
1109
1109 1065
1109 1037
1109 2045
1109 2070
1109 1002
1109 1076
1109 1099
1109 1008
1109 1049
1109 1031
1109 1017
1109 1032
1109 2010
1016
1016 1079
1016 1037
1016 1039
1016 3004
1016 2070
1016 1076
1016 1049
1016 2045
1016 1021
1016 1063
1016 1002
1016 4033
1016 1031
1016 1058
1016 1065
1016 1008
1016 1032
1016 1033
1016 1099
1016 1113
1016 1113 1017
1016 1113 2010
1016 2010
1016 2010 1017
1016 1017
1077
1077 2003
1077 1037
1077 1032
1077 1031
1077 1079
1077 4033
1077 1002
1077 1017
1077 1099
1077 1008
1077 1021
1077 1076
1077 1063
1077 1113
1077 1113 2010
1077 2010
2021
2021 1017
2021 2045
2021 2070
2021 1113
2021 2010
4029
4029 1031
4029 1076
4029 2003
4029 1017
4029 1032
4029 1049
4029 1113
4029 2045
4029 2045 2010
4029 2010
3004
3004 2045
3004 1008
3004 1031
3004 4033
3004 1037
3004 1131
3004 1099
3004 1002
3004 1033
3004 1017
3004 1032
3004 1039
3004 1065
3004 2010
3004 2010 1113
3004 1113
5000
5000 1002
5000 2003
5000 1031
5000 4033
5000 1032
5000 1017
5000 1008
5000 2045
5000 2070
5000 1065
5000 1049
5000 1113
5000 2010
2032
2032 1099
2032 2045
2032 1076
2032 1021
2032 1032
2032 1017
2032 1008
2032 2079
2032 2079 2010
2032 2003
2032 2070
2032 1113
2032 1113 2010
2032 2010
1039
1039 1058
1039 1031
1039 1079
1039 1021
1039 2070
1039 2045
1039 1002
1039 1063
1039 4033
1039 1131
1039 1099
1039 1076
1039 1033
1039 1032
1039 1008
1039 1017
1039 1065
1039 1037
1039 1113
1039 1113 2010
1039 2010
1131
1131 2070
1131 4033
1131 1049
1131 1058
1131 1021
1131 1002
1131 1065
1131 1063
1131 1099
1131 1031
1131 2045
1131 1076
1131 1037
1131 1008
1131 1032
1131 1017
1131 1113
1131 1113 2010
1131 2010
1058
1058 2070
1058 2003
1058 2045
1058 1049
1058 1079
1058 1033
1058 2079
1058 1031
1058 1037
1058 1076
1058 1021
1058 1065
1058 4033
1058 1032
1058 1002
1058 1063
1058 1099
1058 1099 1017
1058 1099 2010
1058 1113
1058 1113 1008
1058 1113 2010
1058 1008
1058 1008 1017
1058 1008 2010
1058 1017
1058 1017 2010
1058 2010
1071
1071 2045
1071 2003
1071 4033
1071 1065
1071 1049
1071 1037
1071 2070
1071 1032
1071 1079
1071 1017
1071 2079
1071 1099
1071 1002
1071 1076
1071 1008
1071 1021
1071 1063
1071 1113
1071 1113 2010
1071 2010
4033
4033 1037
4033 1033
4033 2003
4033 2079
4033 2045
4033 1049
4033 2070
4033 1063
4033 1065
4033 1079
4033 1031
4033 1032
4033 1032 2010
4033 1002
4033 1002 2010
4033 1076
4033 1076 2010
4033 1099
4033 1099 2010
4033 1017
4033 1017 2010
4033 1008
4033 1008 2010
4033 1113
4033 1113 2010
4033 2010
1063
1063 2045
1063 1033
1063 1049
1063 2003
1063 2070
1063 2079
1063 1079
1063 1031
1063 1065
1063 1032
1063 1002
1063 1076
1063 1076 2010
1063 1099
1063 1037
1063 1008
1063 1008 2010
1063 1021
1063 1017
1063 1017 2010
1063 1113
1063 1113 2010
1063 2010
1021
1021 2045
1021 1031
1021 1065
1021 1049
1021 1037
1021 2070
1021 1079
1021 2003
1021 2079
1021 2079 2010
1021 1032
1021 1032 2010
1021 1076
1021 1076 2010
1021 1017
1021 1017 2010
1021 1002
1021 1002 1008
1021 1002 2010
1021 1099
1021 1099 2010
1021 1113
1021 1113 1008
1021 1113 2010
1021 1008
1021 1008 2010
1021 2010
1002
1002 2045
1002 1037
1002 1031
1002 1049
1002 2003
1002 1065
1002 1033
1002 2079
1002 2070
1002 1079
1002 1032
1002 1076
1002 1076 2010
1002 1017
1002 1017 1008
1002 1017 2010
1002 1099
1002 1099 2010
1002 1113
1002 1113 1008
1002 1113 2010
1002 1008
1002 1008 2010
1002 2010
1037
1037 2003
1037 2079
1037 1079
1037 1031
1037 2045
1037 1049
1037 2070
1037 1033
1037 1076
1037 1065
1037 1008
1037 1032
1037 1099
1037 1113
1037 1113 2010
1037 1017
1037 1017 2010
1037 2010
2079
2079 1065
2079 1031
2079 1079
2079 1049
2079 2045
2079 1032
2079 1032 2010
2079 1099
2079 1099 2010
2079 1076
2079 1076 2010
2079 1017
2079 1017 2010
2079 1008
2079 1008 2010
2079 2003
2079 2003 2010
2079 2070
2079 2070 2010
2079 1113
2079 1113 2010
2079 2010
1079
1079 1049
1079 1031
1079 1065
1079 2003
1079 2045
1079 2070
1079 1032
1079 1033
1079 1017
1079 1017 2010
1079 1099
1079 1008
1079 1008 2010
1079 1076
1079 1076 2010
1079 1113
1079 1113 2010
1079 2010
1033
1033 2003
1033 1049
1033 2070
1033 1031
1033 1076
1033 2045
1033 1065
1033 1008
1033 1032
1033 1099
1033 1099 1017
1033 1099 2010
1033 1017
1033 1017 2010
1033 1113
1033 1113 2010
1033 2010
2003
2003 1065
2003 1031
2003 1049
2003 2045
2003 1076
2003 1099
2003 1099 2010
2003 1032
2003 1008
2003 1008 2010
2003 2070
2003 2070 2010
2003 1017
2003 1017 2010
2003 1113
2003 1113 2010
2003 2010
1031
1031 2070
1031 1076
1031 1099
1031 1008
1031 1065
1031 2045
1031 2045 2010
1031 1017
1031 1017 2010
1031 1049
1031 1049 1113
1031 1049 2010
1031 1113
1031 1113 2010
1031 2010
1099
1099 2045
1099 1049
1099 2070
1099 1065
1099 1032
1099 1032 2010
1099 1076
1099 1076 2010
1099 1008
1099 1008 1113
1099 1008 1017
1099 1008 2010
1099 1113
1099 1113 1017
1099 1113 2010
1099 1017
1099 1017 2010
1099 2010
1076
1076 1065
1076 1049
1076 2045
1076 2070
1076 2070 2010
1076 1032
1076 1032 2010
1076 1017
1076 1017 2010
1076 1008
1076 1008 2010
1076 1113
1076 1113 2010
1076 2010
1049
1049 2070
1049 1008
1049 1065
1049 2045
1049 1017
1049 1017 2010
1049 1032
1049 1032 2010
1049 1113
1049 1113 2010
1049 2010
1065
1065 2070
1065 2045
1065 1008
1065 1032
1065 1017
1065 1017 2010
1065 1113
1065 1113 2010
1065 2010
1008
1008 2045
1008 2045 2010
1008 2070
1008 2070 2010
1008 1032
1008 1032 2010
1008 1017
1008 1017 1113
1008 1017 2010
1008 1113
1008 1113 2010
1008 2010
2070
2070 2045
2070 1032
2070 1032 2010
2070 1017
2070 1017 2010
2070 1113
2070 1113 2010
2070 2010
1032
1032 2045
1032 2045 2010
1032 1017
1032 1017 1113
1032 1017 2010
1032 1113
1032 1113 2010
1032 2010
1017
1017 2045
1017 2045 2010
1017 1113
1017 1113 2010
1017 2010
2045
2045 1113
2045 1113 2010
2045 2010
1113
1113 2010
2010