3037 : 185
1179 : 187
1004 : 189
9010 : 189
2084 : 190
9099 : 191
2100 : 194
9131 : 194
2108 : 194
9095 : 197
5019 : 198
7014 : 199
2096 : 201
9004 : 203
6014 : 204
2131 : 206
2034 : 209
9133 : 209
1165 : 210
1218 : 211
6006 : 212
1246 : 213
1059 : 213
9028 : 214
1057 : 216
9337 : 218
4027 : 220
6004 : 220
6020 : 222
9105 : 222
8000 : 223
1253 : 223
9057 : 224
2112 : 224
1215 : 227
9336 : 227
9344 : 234
2111 : 235
1249 : 245
9066 : 250
1207 : 250
9120 : 251
4067 : 258
9153 : 270
1189 : 273
2133 : 276
9924 : 279
1255 : 279
2162 : 279
2052 : 289
9117 : 293
4034 : 297
1028 : 306
1197 : 313
9062 : 313
6021 : 314
9900 : 320
4361 : 321
2066 : 322
1121 : 326
2144 : 329
6005 : 331
2148 : 334
1026 : 336
1126 : 342
1156 : 343
2050 : 344
1178 : 344
6001 : 346
1214 : 347
1125 : 354
1251 : 354
7009 : 358
1213 : 358
2091 : 361
2031 : 373
9001 : 380
9086 : 387
1231 : 389
2106 : 390
1009 : 391
2080 : 394
9100 : 395
9181 : 401
2018 : 409
1066 : 411
1051 : 413
1252 : 414
1237 : 435
2056 : 438
4039 : 442
2060 : 448
1127 : 471
5002 : 471
1168 : 472
1190 : 481
2086 : 483
1160 : 499
2063 : 502
5004 : 502
2101 : 503
2101 2010 : 204
2075 : 519
2075 2010 : 192
2146 : 520
2146 2010 : 210
3006 : 535
2104 : 539
2104 2010 : 197
3024 : 560
1014 : 563
1128 : 568
4035 : 571
1173 : 579
1173 2010 : 198
6012 : 580
2058 : 603
1010 : 613
1010 2010 : 233
4030 : 629
1212 : 629
1212 1152 : 400
1135 : 632
1145 : 644
1145 2010 : 192
2024 : 648
2024 2045 : 204
2024 2010 : 216
2061 : 654
2061 2010 : 296
2064 : 659
1176 : 659
2124 : 662
2124 2010 : 263
9345 : 670
2062 : 684
2062 2010 : 250
1035 : 691
2103 : 713
2103 2010 : 238
6017 : 719
9002 : 728
9002 2010 : 201
1193 : 733
1193 2010 : 202
4032 : 735
2078 : 748
2078 2010 : 190
2069 : 755
2069 2010 : 309
3030 : 757
2013 : 781
2013 2016 : 238
2013 2010 : 321
2074 : 784
2074 2010 : 241
2067 : 793
2067 2010 : 291
3000 : 800
1045 : 807
1045 2010 : 184
2123 : 812
2123 2010 : 332
3014 : 833
2125 : 834
2125 2010 : 302
2072 : 837
2072 2010 : 323
6011 : 843
6011 2010 : 187
1053 : 869
1053 1054 : 193
1053 1089 : 207
1053 2010 : 240
1018 : 874
1018 1016 : 211
1018 2010 : 213
1018 1017 : 404
2110 : 875
2110 2010 : 354
1094 : 876
1094 2010 : 239
1094 1067 : 245
2102 : 918
2102 2010 : 345
1184 : 940
1184 2010 : 200
2019 : 944
2019 2010 : 245
1166 : 953
1166 2010 : 211
9000 : 956
9000 2010 : 268
1228 : 970
1228 2010 : 260
2122 : 989
2122 2010 : 394
1169 : 990
1169 2010 : 187
1142 : 991
1182 : 993
1182 2010 : 213
2109 : 998
2109 1113 : 187
2109 2010 : 375
1138 : 1001
1138 2010 : 404
1172 : 1010
1172 1017 : 185
1172 1032 : 212
1172 2010 : 353
1225 : 1015
1225 2010 : 230
2046 : 1020
2046 2010 : 282
2038 : 1026
2038 2010 : 372
1012 : 1026
2105 : 1027
2105 2010 : 434
1203 : 1070
1203 2010 : 281
2008 : 1073
2008 1113 : 228
2008 2010 : 472
4064 : 1076
4064 2010 : 213
2071 : 1100
2071 2010 : 346
2040 : 1120
2040 4029 : 186
2040 2010 : 349
1034 : 1121
1034 1017 : 183
1034 1113 : 222
1034 2010 : 238
4028 : 1129
4028 1113 : 203
4028 2010 : 410
3010 : 1150
3010 2010 : 230
3010 1113 : 253
3010 3004 : 471
2117 : 1171
2117 1113 : 189
2117 2010 : 481
1119 : 1200
1119 1037 : 183
1119 1113 : 190
1119 2010 : 337
4080 : 1215
4080 2010 : 286
1001 : 1219
1001 1017 : 228
1001 1113 : 232
1001 1008 : 237
1001 2010 : 439
1177 : 1234
1177 2010 : 234
2150 : 1261
2150 2070 : 207
2150 2010 : 243
1163 : 1276
1163 1113 : 222
1163 2010 : 315
3005 : 1293
3005 2010 : 197
3005 1065 : 245
2076 : 1320
2076 1113 : 228
2076 2010 : 494
1029 : 1321
1029 1037 : 189
1029 1065 : 197
1029 1113 : 203
1029 1017 : 244
1029 1027 : 249
1029 2010 : 278
2027 : 1324
2027 1131 : 187
2027 1113 : 232
2027 3004 : 234
2027 2010 : 318
1141 : 1332
1141 1099 : 195
1141 1113 : 214
1141 1017 : 219
1141 1008 : 265
1141 2010 : 408
2143 : 1337
2143 2010 : 449
1148 : 1364
1148 1113 : 204
1148 1017 : 213
1148 1099 : 228
1148 1021 : 276
1148 2010 : 383
1139 : 1382
1139 1113 : 223
1139 2010 : 363
1222 : 1397
1222 2010 : 268
2001 : 1408
2001 2070 : 184
2001 1113 : 239
2001 2010 : 559
1036 : 1409
1036 2010 : 380
2073 : 1417
2073 2010 : 420
1070 : 1424
1070 1058 : 209
1070 1021 : 260
1070 1113 : 267
1070 1099 : 275
1070 1002 : 284
1070 1008 : 334
1070 1017 : 347
1070 2010 : 421
9349 : 1426
9349 1113 : 211
9349 2010 : 412
1112 : 1436
1112 1008 : 183
1112 1113 : 204
1112 2010 : 386
9937 : 1448
9937 1113 : 260
9937 2010 : 467
1205 : 1507
1205 1039 : 182
1205 3004 : 257
1205 2010 : 269
1205 1113 : 329
2033 : 1554
2033 2045 : 203
2033 1113 : 220
2033 2010 : 583
1152 : 1619
1152 1038 : 182
1152 4041 : 189
1152 1002 : 204
1152 1039 : 230
1152 3004 : 273
1152 2010 : 284
1152 1027 : 337
1152 1113 : 387
4040 : 1628
4040 1037 : 208
4040 1113 : 279
4040 2010 : 372
1120 : 1702
1120 1031 : 232
1120 1017 : 234
1120 1032 : 257
1120 1113 : 359
1120 2010 : 393
1015 : 1731
1015 1065 : 220
1015 2010 : 236
2004 : 1747
2004 2079 : 206
2004 1017 : 209
2004 1008 : 233
2004 2070 : 236
2004 2045 : 239
2004 1113 : 401
2004 1113 2010 : 243
2004 2010 : 739
1084 : 1752
1084 1079 : 182
1084 2045 : 184
1084 4033 : 195
1084 2079 : 196
1084 1017 : 197
1084 1099 : 202
1084 1076 : 233
1084 1008 : 330
1084 1008 2010 : 210
1084 1113 : 355
1084 1113 2010 : 218
1084 2010 : 620
2039 : 1786
2039 1032 : 186
2039 1017 : 196
2039 1008 : 201
2039 1113 : 231
2039 2045 : 351
2039 2010 : 578
1116 : 1799
1116 1037 : 182
1116 1002 : 190
1116 1065 : 194
1116 1063 : 197
1116 1076 : 199
1116 1032 : 242
1116 1021 : 249
1116 1008 : 311
1116 1113 : 328
1116 1017 : 336
1116 1099 : 345
1116 2010 : 641
1067 : 1799
1067 2070 : 187
1067 1002 : 193
1067 1040 : 195
1067 1063 : 201
1067 2079 : 215
1067 1079 : 229
1067 1017 : 230
1067 1113 : 235
1067 4033 : 243
1067 1099 : 256
1067 1008 : 284
1067 1021 : 315
1067 1076 : 348
1067 2010 : 541
2037 : 1841
2037 1008 : 183
2037 1032 : 191
2037 2070 : 244
2037 1113 : 270
2037 2010 : 733
1136 : 1849
1136 1032 : 186
1136 1079 : 190
1136 1017 : 203
1136 1113 : 402
1136 2010 : 520
4038 : 1863
4038 4029 : 190
4038 1008 : 194
4038 2045 : 285
4038 1113 : 321
4038 1113 2010 : 188
4038 2010 : 722
1114 : 1887
1114 1033 : 235
1114 4041 : 283
1114 1113 : 344
1114 2010 : 436
1140 : 1933
1140 1033 : 204
1140 1039 : 222
1140 1032 : 226
1140 3004 : 241
1140 1113 : 494
1140 2010 : 511
1132 : 1935
1132 4033 : 231
1132 1113 : 316
1132 2010 : 487
2055 : 1948
2055 4029 : 190
2055 2045 : 296
2055 2010 : 494
2041 : 1954
2041 1017 : 192
2041 1032 : 195
2041 1113 : 259
2041 2045 : 513
2041 2010 : 652
2015 : 1977
2015 1076 : 183
2015 1032 : 192
2015 1008 : 240
2015 1017 : 253
2015 2045 : 262
2015 1113 : 336
2015 1113 2010 : 206
2015 2010 : 756
2007 : 1978
2007 1113 : 186
2007 1017 : 190
2007 2059 : 192
2007 1032 : 224
2007 2030 : 256
2007 2045 : 341
2007 2017 : 347
2007 4029 : 372
2007 2010 : 654
1011 : 2009
1011 1037 : 182
1011 1040 : 187
1011 1032 : 188
1011 1023 : 193
1011 2079 : 237
1011 1079 : 252
1011 1021 : 256
1011 1076 : 267
1011 1002 : 274
1011 1099 : 283
1011 2070 : 310
1011 2070 2010 : 184
1011 1017 : 335
1011 1017 2010 : 197
1011 1113 : 416
1011 1113 2010 : 231
1011 1008 : 459
1011 1008 2010 : 264
1011 2010 : 747
2051 : 2009
2051 1017 : 186
2051 2030 : 192
2051 4029 : 285
2051 2045 : 327
2051 2010 : 580
2118 : 2047
2118 1131 : 191
2118 1031 : 192
2118 2045 : 203
2118 1099 : 212
2118 1058 : 226
2118 1021 : 231
2118 1076 : 258
2118 1008 : 270
2118 1032 : 304
2118 1017 : 313
2118 1113 : 379
2118 2010 : 704
1030 : 2049
1030 1049 : 197
1030 2070 : 197
1030 1065 : 202
1030 1032 : 219
1030 4033 : 222
1030 1002 : 223
1030 1099 : 225
1030 1021 : 232
1030 2045 : 263
1030 1076 : 299
1030 1008 : 364
1030 1008 2010 : 212
1030 1017 : 371
1030 1017 2010 : 211
1030 1113 : 418
1030 1113 2010 : 230
1030 2010 : 728
1080 : 2073
1080 4033 : 197
1080 1099 : 204
1080 1017 : 210
1080 1008 : 230
1080 1076 : 353
1080 1113 : 355
1080 2010 : 586
5001 : 2139
5001 1113 : 289
5001 2010 : 581
1115 : 2195
1115 1002 : 187
1115 1040 : 203
1115 1032 : 203
1115 1065 : 218
1115 1017 : 243
1115 1027 : 253
1115 1033 : 272
1115 1113 : 449
1115 2010 : 481
3013 : 2227
3013 2045 : 184
3013 1033 : 188
3013 1076 : 196
3013 1008 : 197
3013 1037 : 228
3013 1131 : 234
3013 1032 : 272
3013 1099 : 285
3013 3004 : 295
3013 1113 : 310
3013 1017 : 312
3013 1065 : 340
3013 2010 : 486
1118 : 2278
1118 1071 : 185
1118 2070 : 186
1118 1065 : 187
1118 1037 : 188
1118 1077 : 203
1118 1032 : 226
1118 2079 : 230
1118 4033 : 236
1118 1079 : 260
1118 1063 : 261
1118 1058 : 280
1118 1017 : 297
1118 1076 : 303
1118 1021 : 378
1118 1099 : 390
1118 1002 : 398
1118 1113 : 505
1118 1113 1008 : 209
1118 1113 2010 : 247
1118 1008 : 783
1118 1008 2010 : 343
1118 2010 : 795
1107 : 2293
1107 1049 : 187
1107 2079 : 187
1107 1002 : 187
1107 1063 : 190
1107 1131 : 192
1107 4033 : 193
1107 1064 : 193
1107 1089 : 195
1107 1065 : 200
1107 1054 : 202
1107 1021 : 206
1107 2016 : 229
1107 1058 : 231
1107 2045 : 247
1107 1076 : 256
1107 1099 : 301
1107 1031 : 316
1107 1113 : 333
1107 1032 : 353
1107 1008 : 359
1107 1008 2010 : 198
1107 1017 : 413
1107 2010 : 834
1232 : 2357
1232 5000 : 185
1232 1008 : 193
1232 1099 : 196
1232 1079 : 196
1232 3004 : 200
1232 1065 : 211
1232 1039 : 211
1232 1038 : 214
1232 1033 : 221
1232 2045 : 244
1232 4033 : 249
1232 1032 : 256
1232 1037 : 262
1232 1017 : 296
1232 1113 : 538
1232 1113 2010 : 233
1232 2010 : 751
1133 : 2399
1133 1016 : 186
1133 3004 : 191
1133 2070 : 193
1133 1033 : 197
1133 1032 : 202
1133 1076 : 205
1133 1099 : 219
1133 1065 : 225
1133 1079 : 241
1133 1021 : 244
1133 1002 : 270
1133 1017 : 271
1133 1008 : 277
1133 4033 : 289
1133 1113 : 471
1133 1113 2010 : 198
1133 2010 : 669
2025 : 2534
2025 4033 : 188
2025 1037 : 194
2025 1039 : 204
2025 1131 : 207
2025 1031 : 207
2025 2032 : 230
2025 1099 : 253
2025 2003 : 264
2025 1058 : 272
2025 1021 : 279
2025 1021 2010 : 185
2025 2016 : 286
2025 1076 : 287
2025 2070 : 289
2025 2070 2010 : 185
2025 1002 : 300
2025 1032 : 330
2025 1032 2010 : 182
2025 2045 : 335
2025 2045 2010 : 194
2025 1017 : 356
2025 1017 2010 : 210
2025 2079 : 402
2025 2079 2010 : 285
2025 1008 : 426
2025 1008 2010 : 281
2025 1113 : 502
2025 1113 2010 : 315
2025 2010 : 1207
2087 : 2607
2087 1079 : 184
2087 2045 : 193
2087 1032 : 194
2087 4033 : 202
2087 1031 : 203
2087 1017 : 241
2087 2003 : 245
2087 1008 : 268
2087 2079 : 309
2087 2079 2010 : 194
2087 2070 : 338
2087 2070 2010 : 182
2087 1113 : 514
2087 1113 2010 : 287
2087 2010 : 949
1005 : 2655
1005 2070 : 184
1005 1064 : 187
1005 4041 : 188
1005 1131 : 189
1005 1031 : 192
1005 1021 : 215
1005 1040 : 216
1005 2045 : 223
1005 1099 : 237
1005 1033 : 264
1005 1032 : 283
1005 1076 : 289
1005 1039 : 301
1005 1002 : 305
1005 1008 : 313
1005 1079 : 323
1005 4033 : 334
1005 1017 : 360
1005 1113 : 506
1005 1113 2010 : 188
1005 2010 : 703
1054 : 2667
1054 1079 : 183
1054 1064 : 191
1054 1002 : 208
1054 4033 : 219
1054 1076 : 244
1054 1021 : 250
1054 1031 : 266
1054 1099 : 288
1054 1058 : 290
1054 1008 : 301
1054 1089 : 306
1054 1017 : 358
1054 1032 : 433
1054 1113 : 533
1054 1113 2010 : 214
1054 2010 : 746
1122 : 2741
1122 1031 : 182
1122 2003 : 184
1122 1008 : 186
1122 1079 : 196
1122 1033 : 205
1122 1099 : 206
1122 1037 : 206
1122 4033 : 220
1122 2070 : 221
1122 1076 : 227
1122 1049 : 257
1122 2045 : 277
1122 1032 : 304
1122 1017 : 308
1122 1113 : 425
1122 2010 : 781
2036 : 2851
2036 1031 : 182
2036 2017 : 189
2036 2003 : 191
2036 1099 : 193
2036 1049 : 221
2036 2022 : 228
2036 1017 : 287
2036 1032 : 293
2036 1113 : 328
2036 2030 : 336
2036 4029 : 365
2036 2045 : 471
2036 2045 2010 : 209
2036 2010 : 984
2048 : 2876
2048 1008 : 187
2048 2070 : 190
2048 1039 : 192
2048 1099 : 197
2048 2079 : 202
2048 1076 : 219
2048 3004 : 220
2048 1017 : 245
2048 1033 : 269
2048 4041 : 291
2048 2045 : 320
2048 1032 : 334
2048 1113 : 472
2048 1113 2010 : 237
2048 2010 : 965
2017 : 2878
2017 1076 : 187
2017 1017 : 208
2017 2030 : 212
2017 2016 : 220
2017 2059 : 223
2017 2022 : 224
2017 1049 : 235
2017 1032 : 247
2017 1113 : 266
2017 4029 : 411
2017 2045 : 524
2017 2010 : 748
1081 : 2910
1081 1079 : 183
1081 1017 : 185
1081 1032 : 205
1081 1039 : 212
1081 4041 : 215
1081 2045 : 218
1081 3004 : 231
1081 1065 : 265
1081 1033 : 276
1081 1113 : 474
1081 2010 : 529
1027 : 2997
1027 1008 : 190
1027 1099 : 197
1027 2070 : 199
1027 1131 : 200
1027 1077 : 206
1027 1063 : 217
1027 1016 : 218
1027 1037 : 240
1027 1002 : 241
1027 1079 : 251
1027 1032 : 255
1027 1038 : 266
1027 1065 : 283
1027 1064 : 292
1027 4041 : 300
1027 1017 : 319
1027 3004 : 358
1027 1033 : 367
1027 1039 : 442
1027 2010 : 691
1027 2010 1113 : 228
1027 1113 : 720
1167 : 3081
1167 1065 : 183
1167 2070 : 189
1167 1002 : 205
1167 1032 : 205
1167 1033 : 218
1167 1017 : 228
1167 1008 : 230
1167 1039 : 238
1167 1079 : 263
1167 1076 : 345
1167 1113 : 394
1167 2010 : 717
1195 : 3121
1195 1077 : 189
1195 1033 : 203
1195 1064 : 210
1195 1131 : 220
1195 2003 : 221
1195 2070 : 229
1195 1073 : 231
1195 1016 : 237
1195 2079 : 241
1195 2045 : 243
1195 1071 : 244
1195 1031 : 247
1195 1079 : 257
1195 1058 : 258
1195 1002 : 261
1195 1049 : 281
1195 1040 : 306
1195 1063 : 313
1195 1037 : 320
1195 1076 : 348
1195 1032 : 351
1195 1065 : 363
1195 4033 : 372
1195 1008 : 379
1195 1008 2010 : 206
1195 1021 : 380
1195 1099 : 405
1195 1113 : 449
1195 1113 2010 : 207
1195 1017 : 511
1195 1017 2010 : 222
1195 2010 : 986
2065 : 3125
2065 1023 : 189
2065 1111 : 189
2065 1073 : 189
2065 2032 : 192
2065 1109 : 194
2065 1064 : 199
2065 1079 : 210
2065 2045 : 217
2065 1065 : 227
2065 1131 : 233
2065 1049 : 236
2065 2003 : 243
2065 1031 : 267
2065 1037 : 274
2065 1063 : 278
2065 1002 : 284
2065 1021 : 294
2065 4033 : 296
2065 1099 : 300
2065 1058 : 330
2065 1076 : 342
2065 2079 : 379
2065 2079 2010 : 244
2065 1032 : 451
2065 1032 2010 : 206
2065 2070 : 455
2065 2070 2010 : 268
2065 1017 : 472
2065 1017 2010 : 234
2065 1008 : 519
2065 1008 2010 : 275
2065 1113 : 593
2065 1113 2010 : 283
2065 2010 : 1191
1038 : 3192
1038 1076 : 203
1038 4033 : 207
1038 4041 : 210
1038 1031 : 214
1038 2045 : 218
1038 5000 : 225
1038 1002 : 227
1038 3004 : 228
1038 1032 : 244
1038 1079 : 250
1038 1017 : 267
1038 1033 : 293
1038 1065 : 323
1038 1039 : 578
1038 1113 : 610
1038 1113 2010 : 210
1038 2010 : 719
1149 : 3315
1149 1076 : 184
1149 1049 : 187
1149 5000 : 193
1149 1032 : 197
1149 1033 : 201
1149 1031 : 209
1149 3004 : 209
1149 1058 : 210
1149 1002 : 212
1149 2045 : 218
1149 1099 : 228
1149 1039 : 238
1149 1017 : 257
1149 4033 : 273
1149 1008 : 321
1149 1065 : 410
1149 1113 : 494
1149 2010 : 685
2059 : 3412
2059 1058 : 191
2059 1099 : 193
2059 1002 : 195
2059 2016 : 211
2059 1008 : 219
2059 2079 : 223
2059 1076 : 229
2059 1031 : 232
2059 2003 : 242
2059 2022 : 249
2059 1049 : 279
2059 1017 : 281
2059 2030 : 288
2059 1032 : 310
2059 1113 : 355
2059 2045 : 497
2059 4029 : 575
2059 4029 2010 : 230
2059 2010 : 1122
1089 : 3489
1089 2045 : 193
1089 1040 : 199
1089 2079 : 200
1089 3004 : 203
1089 2070 : 205
1089 1078 : 208
1089 1033 : 208
1089 1016 : 214
1089 2003 : 215
1089 1079 : 216
1089 1039 : 222
1089 1049 : 224
1089 1131 : 248
1089 1064 : 250
1089 1065 : 250
1089 1037 : 251
1089 1063 : 280
1089 1021 : 299
1089 1031 : 309
1089 1002 : 345
1089 4033 : 356
1089 1076 : 389
1089 1032 : 407
1089 1008 : 493
1089 1008 2010 : 185
1089 1099 : 544
1089 1099 2010 : 198
1089 1017 : 551
1089 1017 2010 : 192
1089 1113 : 558
1089 1113 2010 : 192
1089 1058 : 578
1089 2010 : 944
1090 : 3581
1090 4041 : 183
1090 1076 : 193
1090 1039 : 199
1090 1058 : 201
1090 2070 : 206
1090 1079 : 206
1090 4033 : 212
1090 2045 : 234
1090 1002 : 235
1090 1031 : 242
1090 3004 : 246
1090 1099 : 254
1090 1037 : 266
1090 1049 : 270
1090 1008 : 278
1090 1040 : 297
1090 1017 : 302
1090 1032 : 313
1090 1033 : 321
1090 1065 : 513
1090 1113 : 537
1090 1113 2010 : 192
1090 2010 : 872
4043 : 3676
4043 1065 : 183
4043 2000 : 190
4043 2023 : 198
4043 1099 : 205
4043 4033 : 206
4043 1076 : 208
4043 1033 : 216
4043 2021 : 219
4043 2032 : 219
4043 2005 : 245
4043 1008 : 245
4043 1037 : 247
4043 1031 : 252
4043 1049 : 262
4043 2045 : 296
4043 1017 : 298
4043 1032 : 320
4043 2003 : 352
4043 2070 : 415
4043 2070 2010 : 186
4043 1113 : 530
4043 1113 2010 : 266
4043 2010 : 1291
2022 : 3687
2022 1002 : 186
2022 1099 : 200
2022 4033 : 202
2022 1065 : 204
2022 1109 : 205
2022 2079 : 218
2022 1076 : 225
2022 2003 : 240
2022 1031 : 242
2022 1008 : 263
2022 2016 : 271
2022 1017 : 292
2022 2030 : 295
2022 1032 : 306
2022 1049 : 315
2022 4029 : 399
2022 1113 : 442
2022 1113 2010 : 262
2022 2045 : 646
2022 2045 2010 : 240
2022 2010 : 1266
2030 : 3959
2030 1002 : 184
2030 1079 : 187
2030 1063 : 187
2030 1065 : 187
2030 1058 : 191
2030 1071 : 193
2030 1021 : 202
2030 4033 : 202
2030 1033 : 213
2030 2079 : 238
2030 4029 : 256
2030 1099 : 272
2030 1076 : 285
2030 2016 : 287
2030 1008 : 294
2030 1031 : 294
2030 2003 : 334
2030 2003 2010 : 194
2030 1032 : 357
2030 1032 2010 : 188
2030 1049 : 358
2030 1017 : 389
2030 1017 2010 : 212
2030 1113 : 522
2030 1113 2010 : 300
2030 2045 : 569
2030 2045 2010 : 237
2030 2010 : 1547
2016 : 4298
2016 1033 : 182
2016 1111 : 182
2016 5000 : 185
2016 1077 : 187
2016 1039 : 187
2016 2002 : 188
2016 1071 : 190
2016 2021 : 191
2016 1109 : 191
2016 1023 : 191
2016 2005 : 194
2016 1037 : 205
2016 1016 : 206
2016 1064 : 208
2016 2023 : 221
2016 2032 : 222
2016 1063 : 257
2016 1065 : 260
2016 1131 : 267
2016 1079 : 275
2016 2070 : 285
2016 2070 2010 : 198
2016 1058 : 300
2016 4029 : 308
2016 1002 : 309
2016 1021 : 319
2016 1021 2010 : 207
2016 2003 : 329
2016 2003 2010 : 202
2016 4033 : 332
2016 4033 2010 : 210
2016 1049 : 343
2016 1049 2010 : 187
2016 2079 : 350
2016 2079 2010 : 232
2016 1031 : 368
2016 1031 2010 : 193
2016 1076 : 370
2016 1076 2010 : 229
2016 1032 : 429
2016 1032 2010 : 237
2016 1099 : 433
2016 1099 2010 : 256
2016 1017 : 550
2016 1017 1008 : 190
2016 1017 1113 : 190
2016 1017 2010 : 329
2016 1008 : 554
2016 1008 1113 : 229
2016 1008 2010 : 379
2016 2045 : 724
2016 2045 2010 : 377
2016 1113 : 758
2016 1113 2010 : 476
2016 2010 : 1877
2000 : 4417
2000 2023 : 184
2000 4033 : 186
2000 1037 : 193
2000 1099 : 194
2000 1079 : 203
2000 2021 : 205
2000 1049 : 222
2000 1031 : 234
2000 1076 : 248
2000 2045 : 250
2000 1008 : 279
2000 2032 : 303
2000 1017 : 306
2000 1032 : 324
2000 2079 : 377
2000 1113 : 515
2000 1113 2010 : 238
2000 2070 : 533
2000 2070 2010 : 269
2000 2010 : 1523
1078 : 4437
1078 2023 : 185
1078 2032 : 195
1078 2002 : 219
1078 1064 : 219
1078 1109 : 226
1078 1016 : 229
1078 1131 : 235
1078 1071 : 246
1078 2045 : 258
1078 1077 : 259
1078 1023 : 263
1078 1073 : 266
1078 1040 : 274
1078 1031 : 292
1078 1058 : 293
1078 1065 : 295
1078 1049 : 301
1078 2003 : 305
1078 2079 : 314
1078 2079 2010 : 185
1078 1033 : 318
1078 1037 : 328
1078 1002 : 353
1078 1032 : 358
1078 1021 : 360
1078 1063 : 396
1078 1063 2010 : 182
1078 2070 : 412
1078 2070 2010 : 224
1078 4033 : 430
1078 4033 2010 : 190
1078 1099 : 531
1078 1099 2010 : 225
1078 1008 : 552
1078 1008 2010 : 271
1078 1113 : 600
1078 1113 2010 : 280
1078 1017 : 612
1078 1017 2010 : 269
1078 1076 : 690
1078 1076 2010 : 257
1078 2010 : 1376
4041 : 4518
4041 1016 : 192
4041 1064 : 193
4041 1109 : 201
4041 1131 : 203
4041 1040 : 204
4041 1008 : 208
4041 1099 : 223
4041 1065 : 227
4041 1076 : 239
4041 2045 : 268
4041 1017 : 279
4041 1079 : 287
4041 1037 : 288
4041 2070 : 292
4041 3004 : 320
4041 1039 : 329
4041 1002 : 348
4041 1032 : 397
4041 1033 : 588
4041 1033 2010 : 211
4041 1113 : 841
4041 1113 2010 : 296
4041 2010 : 1064
1025 : 4706
1025 1071 : 187
1025 2032 : 188
1025 5000 : 200
1025 1111 : 205
1025 1131 : 208
1025 1033 : 243
1025 1016 : 245
1025 2002 : 254
1025 1039 : 255
1025 1063 : 266
1025 1002 : 272
1025 1058 : 275
1025 1037 : 279
1025 1040 : 301
1025 2003 : 311
1025 2079 : 314
1025 1023 : 325
1025 1021 : 334
1025 2070 : 339
1025 1079 : 357
1025 1032 : 401
1025 1076 : 407
1025 1076 2010 : 186
1025 1099 : 410
1025 2045 : 441
1025 2045 2010 : 228
1025 1065 : 446
1025 1031 : 460
1025 1049 : 471
1025 1049 2010 : 187
1025 1008 : 476
1025 1008 2010 : 236
1025 1017 : 640
1025 1017 2010 : 231
1025 1113 : 661
1025 1113 2010 : 261
1025 4033 : 685
1025 4033 2010 : 270
1025 2010 : 1227
2023 : 4722
2023 1063 : 191
2023 1040 : 192
2023 2002 : 199
2023 1039 : 199
2023 2021 : 206
2023 1079 : 211
2023 1023 : 213
2023 1037 : 214
2023 1109 : 233
2023 1065 : 241
2023 2032 : 243
2023 1033 : 247
2023 1002 : 251
2023 1016 : 260
2023 4033 : 270
2023 1021 : 275
2023 1049 : 287
2023 1031 : 292
2023 2003 : 293
2023 1076 : 294
2023 2005 : 296
2023 1099 : 306
2023 1032 : 369
2023 1032 2010 : 186
2023 2079 : 381
2023 2079 2010 : 229
2023 1008 : 390
2023 1008 2010 : 228
2023 1017 : 416
2023 1017 2010 : 202
2023 2045 : 541
2023 2045 2010 : 257
2023 2070 : 636
2023 2070 2010 : 333
2023 1113 : 708
2023 1113 2010 : 360
2023 2010 : 1631
1111 : 4839
1111 1039 : 193
1111 2032 : 199
1111 2002 : 200
1111 1077 : 215
1111 1079 : 226
1111 4029 : 238
1111 1016 : 272
1111 2003 : 279
1111 1071 : 290
1111 1073 : 290
1111 1058 : 292
1111 1076 : 293
1111 1131 : 300
1111 2079 : 300
1111 1021 : 311
1111 2070 : 325
1111 2070 2010 : 183
1111 1064 : 327
1111 1002 : 334
1111 1033 : 343
1111 4033 : 362
1111 1037 : 363
1111 1063 : 364
1111 1065 : 389
1111 1099 : 402
1111 2045 : 406
1111 1008 : 440
1111 1008 2010 : 218
1111 1031 : 537
1111 1049 : 605
1111 1049 2010 : 228
1111 1017 : 618
1111 1017 2010 : 244
1111 1032 : 823
1111 1032 2010 : 324
1111 2010 : 1573
1023 : 4847
1023 2002 : 190
1023 1109 : 192
1023 2032 : 196
1023 1064 : 211
1023 1073 : 219
1023 1071 : 234
1023 2005 : 240
1023 1077 : 251
1023 1131 : 252
1023 5000 : 252
1023 1040 : 260
1023 1037 : 297
1023 3004 : 304
1023 2003 : 307
1023 1039 : 307
1023 1063 : 344
1023 1065 : 364
1023 1016 : 371
1023 1031 : 375
1023 1021 : 377
1023 1049 : 394
1023 1049 2010 : 186
1023 2079 : 402
1023 2079 2010 : 238
1023 1033 : 405
1023 1032 : 425
1023 1032 2010 : 183
1023 2045 : 438
1023 2045 1113 : 183
1023 2045 2010 : 241
1023 1058 : 438
1023 1058 1008 : 194
1023 1058 2010 : 206
1023 1079 : 458
1023 2070 : 474
1023 2070 2010 : 267
1023 1002 : 522
1023 1002 2010 : 198
1023 1076 : 537
1023 1076 1008 : 230
1023 1076 2010 : 265
1023 1099 : 549
1023 1099 1008 : 197
1023 1099 2010 : 220
1023 4033 : 603
1023 4033 1113 : 192
1023 4033 1008 : 246
1023 4033 2010 : 271
1023 1017 : 607
1023 1017 1113 : 200
1023 1017 1008 : 253
1023 1017 2010 : 306
1023 1113 : 942
1023 1113 1008 : 279
1023 1113 2010 : 450
1023 1008 : 1113
1023 1008 2010 : 444
1023 2010 : 1514
1064 : 4929
1064 2002 : 204
1064 2032 : 218
1064 5000 : 235
1064 1040 : 247
1064 2079 : 292
1064 2070 : 307
1064 1109 : 309
1064 2003 : 318
1064 1071 : 321
1064 1077 : 325
1064 1079 : 331
1064 4033 : 363
1064 2045 : 365
1064 1016 : 372
1064 1033 : 375
1064 1002 : 381
1064 1049 : 391
1064 1039 : 396
1064 1058 : 399
1064 1131 : 401
1064 3004 : 402
1064 1073 : 413
1064 1076 : 456
1064 1065 : 499
1064 1021 : 501
1064 1031 : 512
1064 1099 : 521
1064 1099 1017 : 204
1064 1099 2010 : 212
1064 1008 : 530
1064 1008 1017 : 183
1064 1008 2010 : 220
1064 1037 : 623
1064 1037 1017 : 192
1064 1037 2010 : 200
1064 1032 : 630
1064 1032 1113 : 184
1064 1032 2010 : 236
1064 1063 : 706
1064 1063 1017 : 189
1064 1063 2010 : 228
1064 1017 : 901
1064 1017 1113 : 223
1064 1017 2010 : 313
1064 1113 : 1096
1064 1113 2010 : 351
1064 2010 : 1352
1040 : 4954
1040 2021 : 203
1040 2032 : 207
1040 2002 : 217
1040 1109 : 218
1040 5000 : 225
1040 1016 : 233
1040 1131 : 244
1040 1077 : 244
1040 1049 : 245
1040 2003 : 247
1040 1073 : 254
1040 1071 : 266
1040 2045 : 330
1040 1039 : 332
1040 1031 : 341
1040 2079 : 343
1040 2079 2010 : 201
1040 1063 : 354
1040 1032 : 360
1040 1058 : 368
1040 2070 : 368
1040 2070 2010 : 205
1040 1033 : 377
1040 1002 : 389
1040 4033 : 406
1040 1021 : 435
1040 1037 : 438
1040 1079 : 464
1040 1076 : 465
1040 1076 2010 : 192
1040 1008 : 521
1040 1008 2010 : 236
1040 1099 : 548
1040 1099 2010 : 198
1040 1017 : 560
1040 1017 2010 : 203
1040 1065 : 629
1040 1113 : 783
1040 1113 2010 : 297
1040 2010 : 1249
2002 : 5060
2002 5000 : 183
2002 1016 : 185
2002 1033 : 186
2002 4029 : 210
2002 1109 : 211
2002 1071 : 222
2002 1065 : 225
2002 1077 : 240
2002 1039 : 242
2002 1073 : 261
2002 2005 : 269
2002 1131 : 280
2002 1037 : 288
2002 1049 : 288
2002 1058 : 290
2002 1031 : 348
2002 1002 : 359
2002 1079 : 361
2002 1021 : 367
2002 1021 2010 : 190
2002 2045 : 374
2002 2045 2010 : 199
2002 1063 : 382
2002 1032 : 390
2002 1032 2010 : 195
2002 1099 : 395
2002 1099 2010 : 203
2002 4033 : 399
2002 4033 2010 : 201
2002 2032 : 427
2002 2032 2010 : 190
2002 1017 : 427
2002 1017 2010 : 200
2002 2003 : 437
2002 2003 2010 : 208
2002 1076 : 456
2002 1076 2010 : 211
2002 2070 : 466
2002 2070 2010 : 252
2002 1008 : 487
2002 1008 2010 : 265
2002 2079 : 536
2002 2079 2010 : 307
2002 1113 : 758
2002 1113 2010 : 381
2002 2010 : 1822
1073 : 5099
1073 5000 : 185
1073 2005 : 187
1073 1039 : 199
1073 4029 : 204
1073 1016 : 208
1073 2032 : 211
1073 1109 : 274
1073 1131 : 290
1073 1049 : 327
1073 1033 : 329
1073 2003 : 341
1073 2003 2010 : 190
1073 2045 : 357
1073 2079 : 365
1073 2079 2010 : 224
1073 4033 : 366
1073 2070 : 366
1073 2070 2010 : 198
1073 1058 : 385
1073 1031 : 405
1073 1065 : 409
1073 1079 : 414
1073 1002 : 446
1073 1002 2010 : 203
1073 1037 : 494
1073 1032 : 498
1073 1032 2010 : 215
1073 1021 : 532
1073 1021 2010 : 231
1073 1099 : 534
1073 1099 2010 : 219
1073 1008 : 607
1073 1008 1017 : 207
1073 1008 1113 : 213
1073 1008 2010 : 293
1073 1076 : 620
1073 1076 2010 : 257
1073 1063 : 658
1073 1063 2010 : 200
1073 1017 : 660
1073 1017 1113 : 189
1073 1017 2010 : 286
1073 1113 : 768
1073 1113 2010 : 356
1073 2010 : 1528
2005 : 5361
2005 1077 : 204
2005 5000 : 207
2005 1039 : 215
2005 2021 : 215
2005 1131 : 215
2005 1065 : 226
2005 1037 : 231
2005 1109 : 234
2005 4029 : 249
2005 1058 : 263
2005 1063 : 263
2005 1033 : 279
2005 1079 : 282
2005 1016 : 283
2005 1021 : 297
2005 1002 : 303
2005 1002 2010 : 190
2005 1071 : 305
2005 1099 : 322
2005 4033 : 325
2005 4033 2010 : 196
2005 1031 : 335
2005 1031 2010 : 188
2005 1049 : 340
2005 1076 : 372
2005 1076 2010 : 195
2005 2032 : 394
2005 2032 2010 : 210
2005 1008 : 410
2005 1008 2010 : 254
2005 2045 : 414
2005 2045 2010 : 218
2005 1017 : 439
2005 1017 2010 : 243
2005 1032 : 445
2005 1032 2010 : 242
2005 2070 : 652
2005 2070 2010 : 364
2005 2079 : 652
2005 2079 2010 : 373
2005 1113 : 840
2005 1113 2010 : 464
2005 2010 : 2277
1109 : 5412
1109 5000 : 184
1109 1039 : 206
1109 2021 : 220
1109 1077 : 224
1109 3004 : 234
1109 2032 : 248
1109 4033 : 261
1109 1071 : 272
1109 1131 : 278
1109 1079 : 294
1109 4029 : 298
1109 1058 : 302
1109 1016 : 309
1109 2079 : 315
1109 2079 2010 : 183
1109 1063 : 324
1109 2003 : 342
1109 2003 2010 : 209
1109 1033 : 348
1109 1021 : 355
1109 1065 : 368
1109 1037 : 386
1109 2045 : 402
1109 2070 : 402
1109 2070 2010 : 206
1109 1002 : 404
1109 1002 2010 : 195
1109 1076 : 407
1109 1076 2010 : 193
1109 1099 : 460
1109 1099 2010 : 207
1109 1008 : 476
1109 1008 2010 : 267
1109 1049 : 485
1109 1031 : 549
1109 1031 2010 : 200
1109 1017 : 665
1109 1017 2010 : 284
1109 1032 : 792
1109 1032 2010 : 308
1109 2010 : 1675
1016 : 5494
1016 4029 : 185
1016 2032 : 206
1016 5000 : 243
1016 1071 : 291
1016 1131 : 320
1016 1077 : 323
1016 2003 : 328
1016 2003 2010 : 187
1016 2079 : 352
1016 2079 2010 : 220
1016 1079 : 376
1016 1037 : 381
1016 1037 1017 : 185
1016 1039 : 402
1016 3004 : 406
1016 2070 : 407
1016 2070 2010 : 232
1016 1076 : 428
1016 1076 1017 : 186
1016 1076 2010 : 218
1016 1049 : 433
1016 2045 : 449
1016 2045 2010 : 210
1016 1021 : 461
1016 1063 : 474
1016 1063 2010 : 183
1016 1063 1017 : 240
1016 1002 : 494
1016 1002 1017 : 187
1016 1002 2010 : 217
1016 4033 : 525
1016 4033 1113 : 182
1016 4033 1017 : 225
1016 4033 2010 : 247
1016 1031 : 535
1016 1031 1113 : 188
1016 1031 1017 : 189
1016 1031 2010 : 207
1016 1058 : 594
1016 1058 1113 : 192
1016 1058 1017 : 237
1016 1058 2010 : 267
1016 1065 : 599
1016 1065 1113 : 200
1016 1065 2010 : 203
1016 1065 1017 : 234
1016 1008 : 634
1016 1008 1113 : 208
1016 1008 1017 : 288
1016 1008 2010 : 308
1016 1032 : 694
1016 1032 1113 : 251
1016 1032 1017 : 258
1016 1032 2010 : 312
1016 1033 : 713
1016 1033 2010 : 227
1016 1033 1113 : 231
1016 1033 1017 : 235
1016 1099 : 775
1016 1099 1113 : 246
1016 1099 2010 : 328
1016 1099 1017 : 351
1016 1113 : 1278
1016 1113 1017 : 409
1016 1113 2010 : 529
1016 2010 : 1573
1016 2010 1017 : 580
1016 1017 : 1831
1077 : 5576
1077 2032 : 235
1077 5000 : 241
1077 3004 : 247
1077 1131 : 283
1077 1039 : 302
1077 1033 : 302
1077 2070 : 306
1077 2079 : 323
1077 2079 2010 : 195
1077 1058 : 339
1077 1065 : 347
1077 1049 : 357
1077 2045 : 361
1077 2003 : 375
1077 2003 2010 : 236
1077 1037 : 376
1077 1032 : 393
1077 1031 : 407
1077 1079 : 439
1077 4033 : 464
1077 4033 2010 : 195
1077 1002 : 494
1077 1002 2010 : 190
1077 1017 : 539
1077 1017 2010 : 244
1077 1099 : 546
1077 1099 2010 : 217
1077 1008 : 616
1077 1008 2010 : 285
1077 1021 : 634
1077 1021 2010 : 252
1077 1076 : 646
1077 1076 2010 : 271
1077 1063 : 807
1077 1063 1113 : 189
1077 1063 2010 : 292
1077 1113 : 1108
1077 1113 2010 : 437
1077 2010 : 1654
2021 : 5684
2021 5000 : 185
2021 1079 : 195
2021 4029 : 196
2021 1021 : 196
2021 1002 : 201
2021 1071 : 222
2021 1099 : 252
2021 1033 : 253
2021 2032 : 268
2021 1065 : 270
2021 2003 : 271
2021 1076 : 296
2021 1031 : 297
2021 1037 : 302
2021 1049 : 313
2021 1008 : 320
2021 1032 : 348
2021 2079 : 359
2021 1017 : 370
2021 2045 : 476
2021 2070 : 516
2021 2070 2010 : 238
2021 1113 : 592
2021 1113 2010 : 264
2021 2010 : 1516
4029 : 5687
4029 5000 : 213
4029 1131 : 225
4029 4033 : 237
4029 1021 : 256
4029 1058 : 256
4029 1079 : 261
4029 1063 : 262
4029 1065 : 269
4029 1071 : 270
4029 1037 : 279
4029 1033 : 283
4029 1002 : 299
4029 1008 : 326
4029 1008 2010 : 186
4029 1099 : 328
4029 2079 : 343
4029 2079 2010 : 211
4029 1031 : 393
4029 1031 2010 : 183
4029 1076 : 404
4029 1076 2010 : 200
4029 2003 : 410
4029 2003 2010 : 213
4029 1017 : 438
4029 1017 2010 : 203
4029 1032 : 487
4029 1032 2010 : 237
4029 1049 : 572
4029 1049 2010 : 250
4029 1113 : 623
4029 1113 2010 : 321
4029 2045 : 887
4029 2045 2010 : 369
4029 2010 : 2049
3004 : 5891
3004 5000 : 207
3004 2003 : 207
3004 1079 : 247
3004 1049 : 271
3004 1021 : 275
3004 1063 : 295
3004 2070 : 319
3004 1076 : 325
3004 1058 : 343
3004 2045 : 387
3004 1008 : 398
3004 1031 : 414
3004 4033 : 419
3004 1037 : 424
3004 1131 : 431
3004 1099 : 432
3004 1002 : 465
3004 1033 : 481
3004 1017 : 609
3004 1017 2010 : 202
3004 1032 : 622
3004 1032 1113 : 193
3004 1032 2010 : 222
3004 1039 : 702
3004 1039 2010 : 206
3004 1039 1113 : 229
3004 1065 : 783
3004 1065 1113 : 182
3004 2010 : 1226
3004 2010 1113 : 401
3004 1113 : 1228
5000 : 6233
5000 1131 : 200
5000 1039 : 217
5000 2032 : 257
5000 1021 : 260
5000 1037 : 272
5000 1058 : 292
5000 1071 : 309
5000 1063 : 321
5000 2079 : 322
5000 1099 : 346
5000 1033 : 360
5000 1076 : 360
5000 1079 : 362
5000 1002 : 375
5000 2003 : 384
5000 1031 : 387
5000 4033 : 420
5000 1032 : 424
5000 1017 : 430
5000 1008 : 433
5000 2045 : 459
5000 2070 : 464
5000 2070 2010 : 219
5000 1065 : 467
5000 1049 : 484
5000 1049 2010 : 183
5000 1113 : 922
5000 1113 2010 : 331
5000 2010 : 1636
2032 : 6260
2032 1033 : 249
2032 1039 : 260
2032 1065 : 272
2032 1002 : 281
2032 1058 : 281
2032 1131 : 284
2032 1079 : 291
2032 1071 : 299
2032 1049 : 300
2032 1037 : 300
2032 4033 : 310
2032 1031 : 344
2032 1063 : 348
2032 1099 : 375
2032 1099 2010 : 208
2032 2045 : 375
2032 2045 2010 : 182
2032 1076 : 418
2032 1076 2010 : 230
2032 1021 : 438
2032 1021 2010 : 254
2032 1032 : 441
2032 1032 2010 : 227
2032 1017 : 471
2032 1017 2010 : 238
2032 1008 : 518
2032 1008 2010 : 286
2032 2079 : 636
2032 2079 2010 : 376
2032 2003 : 657
2032 2003 2010 : 353
2032 2070 : 679
2032 2070 2010 : 346
2032 1113 : 933
2032 1113 2010 : 495
2032 2010 : 2252
1039 : 6265
1039 1049 : 219
1039 2003 : 263
1039 1071 : 275
1039 2079 : 300
1039 1058 : 389
1039 1031 : 405
1039 1079 : 413
1039 1021 : 415
1039 1021 2010 : 191
1039 2070 : 418
1039 2070 2010 : 229
1039 2045 : 427
1039 2045 2010 : 209
1039 1002 : 433
1039 1063 : 441
1039 4033 : 451
1039 4033 2010 : 203
1039 1131 : 458
1039 1099 : 487
1039 1099 2010 : 222
1039 1076 : 501
1039 1076 2010 : 221
1039 1033 : 551
1039 1033 1113 : 195
1039 1033 2010 : 202
1039 1032 : 597
1039 1032 1113 : 205
1039 1032 2010 : 269
1039 1008 : 614
1039 1008 1017 : 183
1039 1008 1113 : 197
1039 1008 2010 : 307
1039 1017 : 677
1039 1017 1037 : 198
1039 1017 1113 : 211
1039 1017 2010 : 279
1039 1065 : 745
1039 1037 : 965
1039 1037 1113 : 215
1039 1037 2010 : 289
1039 1113 : 1201
1039 1113 2010 : 476
1039 2010 : 1528
1131 : 6277
1131 1071 : 238
1131 2003 : 298
1131 1079 : 315
1131 2079 : 339
1131 1033 : 347
1131 2070 : 372
1131 2070 2010 : 194
1131 4033 : 373
1131 1049 : 406
1131 1058 : 414
1131 1058 2010 : 184
1131 1021 : 425
1131 1002 : 437
1131 1065 : 442
1131 1063 : 472
1131 1099 : 476
1131 1031 : 483
1131 2045 : 484
1131 1076 : 510
1131 1076 2010 : 227
1131 1037 : 511
1131 1037 2010 : 184
1131 1008 : 593
1131 1008 1113 : 202
1131 1008 2010 : 279
1131 1032 : 620
1131 1032 2010 : 225
1131 1017 : 745
1131 1017 1113 : 210
1131 1017 2010 : 307
1131 1113 : 1009
1131 1113 2010 : 377
1131 2010 : 1583
1058 : 6398
1058 1071 : 313
1058 2070 : 437
1058 2070 2010 : 238
1058 2003 : 449
1058 2003 2010 : 247
1058 2045 : 470
1058 2045 2010 : 238
1058 1049 : 480
1058 1049 2010 : 232
1058 1079 : 487
1058 1079 2010 : 235
1058 1033 : 499
1058 1033 1099 : 189
1058 2079 : 527
1058 2079 1008 : 237
1058 2079 2010 : 335
1058 1031 : 557
1058 1031 1113 : 193
1058 1031 1017 : 198
1058 1031 2010 : 241
1058 1037 : 565
1058 1037 1008 : 186
1058 1037 1017 : 210
1058 1037 2010 : 228
1058 1076 : 667
1058 1076 1099 : 211
1058 1076 1113 : 218
1058 1076 1017 : 230
1058 1076 1008 : 255
1058 1076 2010 : 358
1058 1021 : 675
1058 1021 1008 : 245
1058 1021 2010 : 275
1058 1065 : 682
1058 1065 1113 : 226
1058 1065 2010 : 238
1058 1065 1008 : 240
1058 1065 1017 : 254
1058 4033 : 724
1058 4033 1113 : 197
1058 4033 1099 : 212
1058 4033 1017 : 255
1058 4033 1008 : 261
1058 4033 2010 : 354
1058 1032 : 725
1058 1032 1099 : 191
1058 1032 1008 : 215
1058 1032 1113 : 243
1058 1032 1017 : 249
1058 1032 2010 : 307
1058 1002 : 741
1058 1002 1017 : 198
1058 1002 1113 : 238
1058 1002 1008 : 296
1058 1002 2010 : 319
1058 1063 : 757
1058 1063 1099 : 216
1058 1063 1113 : 224
1058 1063 1017 : 273
1058 1063 1008 : 306
1058 1063 2010 : 321
1058 1099 : 1122
1058 1099 1113 : 297
1058 1099 1008 : 348
1058 1099 1017 : 411
1058 1099 2010 : 438
1058 1113 : 1293
1058 1113 1017 : 346
1058 1113 1017 1008 : 182
1058 1113 1008 : 407
1058 1113 1008 2010 : 218
1058 1113 2010 : 573
1058 1008 : 1322
1058 1008 1017 : 464
1058 1008 1017 2010 : 228
1058 1008 2010 : 576
1058 1017 : 1326
1058 1017 2010 : 549
1058 2010 : 2023
1071 : 6638
1071 1033 : 336
1071 1031 : 352
1071 2045 : 367
1071 2003 : 393
1071 2003 2010 : 228
1071 4033 : 395
1071 1065 : 398
1071 1049 : 400
1071 1037 : 405
1071 2070 : 423
1071 2070 2010 : 220
1071 1032 : 456
1071 1032 2010 : 189
1071 1079 : 469
1071 1017 : 469
1071 1017 2010 : 195
1071 2079 : 487
1071 2079 2010 : 297
1071 1099 : 490
1071 1099 2010 : 218
1071 1002 : 519
1071 1002 2010 : 242
1071 1076 : 554
1071 1076 2010 : 209
1071 1008 : 565
1071 1008 2010 : 273
1071 1021 : 585
1071 1021 2010 : 231
1071 1063 : 690
1071 1063 2010 : 241
1071 1113 : 1128
1071 1113 2010 : 455
1071 2010 : 1839
4033 : 6836
4033 1037 : 437
4033 1037 2010 : 186
4033 1033 : 517
4033 1033 2010 : 199
4033 2003 : 518
4033 2003 2010 : 323
4033 2079 : 529
4033 2079 2010 : 332
4033 2045 : 595
4033 2045 2010 : 330
4033 1049 : 615
4033 1049 2010 : 260
4033 2070 : 638
4033 2070 2010 : 350
4033 1063 : 654
4033 1063 1017 : 193
4033 1063 1008 : 197
4033 1063 2010 : 304
4033 1065 : 658
4033 1065 1017 : 193
4033 1065 2010 : 228
4033 1079 : 706
4033 1079 1113 : 200
4033 1079 1008 : 215
4033 1079 2010 : 312
4033 1031 : 750
4033 1031 1008 : 184
4033 1031 1113 : 231
4033 1031 2010 : 318
4033 1032 : 758
4033 1032 1099 : 183
4033 1032 1017 : 203
4033 1032 1113 : 228
4033 1032 2010 : 379
4033 1002 : 857
4033 1002 1099 : 184
4033 1002 1017 : 204
4033 1002 1113 : 232
4033 1002 1008 : 279
4033 1002 2010 : 365
4033 1076 : 862
4033 1076 1099 : 209
4033 1076 1017 : 217
4033 1076 1113 : 230
4033 1076 1008 : 298
4033 1076 2010 : 409
4033 1099 : 951
4033 1099 1113 : 253
4033 1099 1017 : 283
4033 1099 1008 : 297
4033 1099 2010 : 410
4033 1017 : 1039
4033 1017 1113 : 279
4033 1017 1008 : 316
4033 1017 2010 : 486
4033 1008 : 1271
4033 1008 1113 : 344
4033 1008 1113 2010 : 203
4033 1008 2010 : 588
4033 1113 : 1355
4033 1113 2010 : 653
4033 2010 : 2412
1063 : 6999
1063 2045 : 410
1063 2045 2010 : 194
1063 1033 : 413
1063 1049 : 416
1063 1049 2010 : 184
1063 2003 : 462
1063 2003 2010 : 233
1063 2070 : 479
1063 2070 2010 : 254
1063 2079 : 485
1063 2079 2010 : 282
1063 1079 : 499
1063 1079 2010 : 211
1063 1031 : 526
1063 1031 2010 : 225
1063 1065 : 558
1063 1032 : 583
1063 1032 2010 : 213
1063 1002 : 685
1063 1002 1021 : 204
1063 1002 1113 : 215
1063 1002 1008 : 247
1063 1002 2010 : 277
1063 1076 : 830
1063 1076 1099 : 183
1063 1076 1017 : 188
1063 1076 1021 : 197
1063 1076 1113 : 222
1063 1076 1008 : 247
1063 1076 2010 : 388
1063 1099 : 866
1063 1099 1037 : 187
1063 1099 1113 : 221
1063 1099 1021 : 229
1063 1099 1008 : 244
1063 1099 1017 : 309
1063 1099 2010 : 333
1063 1037 : 917
1063 1037 1113 : 191
1063 1037 1008 : 192
1063 1037 1017 : 218
1063 1037 2010 : 292
1063 1008 : 947
1063 1008 1021 : 220
1063 1008 1113 : 293
1063 1008 1017 : 310
1063 1008 2010 : 441
1063 1021 : 993
1063 1021 1017 : 193
1063 1021 1113 : 209
1063 1021 2010 : 343
1063 1017 : 1047
1063 1017 1113 : 312
1063 1017 2010 : 418
1063 1113 : 1326
1063 1113 2010 : 483
1063 2010 : 2005
1021 : 7036
1021 1033 : 361
1021 2045 : 390
1021 2045 2010 : 196
1021 1031 : 431
1021 1065 : 474
1021 1049 : 520
1021 1049 2010 : 234
1021 1037 : 521
1021 1037 2010 : 197
1021 2070 : 531
1021 2070 2010 : 326
1021 1079 : 565
1021 1079 1008 : 200
1021 1079 2010 : 254
1021 2003 : 598
1021 2003 1113 : 198
1021 2003 1008 : 207
1021 2003 2010 : 351
1021 2079 : 631
1021 2079 1113 : 195
1021 2079 1002 : 206
1021 2079 1008 : 244
1021 2079 2010 : 396
1021 1032 : 776
1021 1032 1017 : 193
1021 1032 1113 : 225
1021 1032 2010 : 367
1021 1076 : 810
1021 1076 1017 : 199
1021 1076 1002 : 201
1021 1076 1099 : 211
1021 1076 1113 : 219
1021 1076 1008 : 301
1021 1076 2010 : 388
1021 1017 : 1009
1021 1017 1002 : 210
1021 1017 1113 : 263
1021 1017 1008 : 305
1021 1017 1008 2010 : 192
1021 1017 1099 : 307
1021 1017 2010 : 471
1021 1002 : 1082
1021 1002 1099 : 257
1021 1002 1113 : 306
1021 1002 1008 : 388
1021 1002 1008 2010 : 205
1021 1002 2010 : 506
1021 1099 : 1117
1021 1099 1113 : 252
1021 1099 1008 : 310
1021 1099 2010 : 489
1021 1113 : 1285
1021 1113 1008 : 373
1021 1113 1008 2010 : 239
1021 1113 2010 : 627
1021 1008 : 1332
1021 1008 2010 : 654
1021 2010 : 2350
1002 : 7209
1002 2045 : 426
1002 1037 : 449
1002 1037 2010 : 196
1002 1031 : 464
1002 1031 2010 : 189
1002 1049 : 468
1002 1049 2010 : 228
1002 2003 : 536
1002 2003 1008 : 201
1002 2003 2010 : 307
1002 1065 : 545
1002 1065 2010 : 185
1002 1033 : 549
1002 1033 2010 : 208
1002 2079 : 588
1002 2079 1113 : 199
1002 2079 1008 : 254
1002 2079 2010 : 339
1002 2070 : 590
1002 2070 1008 : 182
1002 2070 2010 : 335
1002 1079 : 656
1002 1079 1113 : 209
1002 1079 1008 : 221
1002 1079 2010 : 301
1002 1032 : 738
1002 1032 1017 : 198
1002 1032 1008 : 211
1002 1032 1113 : 258
1002 1032 2010 : 362
1002 1076 : 751
1002 1076 1017 : 203
1002 1076 1113 : 217
1002 1076 1008 : 308
1002 1076 2010 : 369
1002 1017 : 1032
1002 1017 1113 : 288
1002 1017 1099 : 326
1002 1017 1008 : 378
1002 1017 2010 : 444
1002 1099 : 1063
1002 1099 1113 : 294
1002 1099 1008 : 348
1002 1099 2010 : 434
1002 1113 : 1467
1002 1113 1008 : 447
1002 1113 1008 2010 : 258
1002 1113 2010 : 679
1002 1008 : 1524
1002 1008 2010 : 675
1002 2010 : 2339
1037 : 7475
1037 2003 : 418
1037 2003 2010 : 218
1037 2079 : 443
1037 2079 2010 : 220
1037 1079 : 453
1037 1031 : 476
1037 2045 : 488
1037 2045 2010 : 186
1037 1049 : 496
1037 2070 : 551
1037 2070 2010 : 259
1037 1033 : 594
1037 1076 : 651
1037 1076 2010 : 234
1037 1065 : 684
1037 1065 1017 : 212
1037 1065 2010 : 215
1037 1008 : 693
1037 1008 1113 : 189
1037 1008 1017 : 223
1037 1008 2010 : 301
1037 1032 : 730
1037 1032 1113 : 206
1037 1032 1017 : 212
1037 1032 2010 : 272
1037 1099 : 743
1037 1099 1113 : 186
1037 1099 2010 : 262
1037 1099 1017 : 287
1037 1113 : 1054
1037 1113 2010 : 373
1037 1017 : 1054
1037 1017 1113 : 262
1037 1017 2010 : 387
1037 2010 : 1890
2079 : 7482
2079 1033 : 333
2079 1065 : 407
2079 1065 2010 : 210
2079 1031 : 473
2079 1031 2010 : 276
2079 1079 : 532
2079 1079 2010 : 306
2079 1049 : 537
2079 1049 2010 : 303
2079 2045 : 603
2079 2045 2010 : 347
2079 1032 : 678
2079 1032 1113 : 210
2079 1032 2010 : 377
2079 1099 : 688
2079 1099 1017 : 183
2079 1099 1008 : 209
2079 1099 1113 : 215
2079 1099 2010 : 410
2079 1076 : 779
2079 1076 1008 : 247
2079 1076 1113 : 276
2079 1076 1113 2010 : 214
2079 1076 2010 : 484
2079 1017 : 813
2079 1017 1008 : 234
2079 1017 1113 : 239
2079 1017 2010 : 484
2079 1008 : 978
2079 1008 2070 : 201
2079 1008 1113 : 336
2079 1008 1113 2010 : 255
2079 1008 2010 : 622
2079 2003 : 980
2079 2003 1113 : 249
2079 2003 2010 : 600
2079 2070 : 1007
2079 2070 1113 : 245
2079 2070 2010 : 628
2079 1113 : 1356
2079 1113 2010 : 827
2079 2010 : 3444
1079 : 7609
1079 1049 : 418
1079 1031 : 447
1079 1031 2010 : 182
1079 1065 : 485
1079 2003 : 493
1079 2003 2010 : 270
1079 2045 : 510
1079 2045 2010 : 238
1079 2070 : 576
1079 2070 2010 : 296
1079 1032 : 578
1079 1032 1113 : 186
1079 1032 2010 : 279
1079 1033 : 593
1079 1033 2010 : 211
1079 1017 : 836
1079 1017 1099 : 208
1079 1017 1076 : 213
1079 1017 1113 : 218
1079 1017 1008 : 222
1079 1017 2010 : 365
1079 1099 : 847
1079 1099 1113 : 211
1079 1099 1008 : 215
1079 1099 1076 : 241
1079 1099 2010 : 358
1079 1008 : 946
1079 1008 1076 : 239
1079 1008 1113 : 273
1079 1008 2010 : 427
1079 1076 : 1078
1079 1076 1113 : 249
1079 1076 2010 : 407
1079 1113 : 1301
1079 1113 2010 : 590
1079 2010 : 2244
1033 : 7782
1033 2003 : 382
1033 2003 2010 : 194
1033 1049 : 432
1033 2070 : 437
1033 2070 2010 : 210
1033 1031 : 552
1033 1031 1113 : 183
1033 1031 2010 : 197
1033 1076 : 574
1033 1076 2010 : 213
1033 2045 : 600
1033 2045 2010 : 202
1033 1065 : 665
1033 1065 2010 : 204
1033 1008 : 666
1033 1008 1017 : 207
1033 1008 1113 : 207
1033 1008 1099 : 234
1033 1008 2010 : 255
1033 1032 : 731
1033 1032 1017 : 209
1033 1032 1113 : 213
1033 1032 2010 : 299
1033 1099 : 1193
1033 1099 1113 : 286
1033 1099 1017 : 381
1033 1099 2010 : 384
1033 1017 : 1212
1033 1017 1113 : 283
1033 1017 2010 : 398
1033 1113 : 1464
1033 1113 2010 : 521
1033 2010 : 1981
2003 : 8106
2003 1065 : 427
2003 1065 2010 : 221
2003 1031 : 516
2003 1031 2010 : 285
2003 1049 : 552
2003 1049 2010 : 304
2003 2045 : 553
2003 2045 2010 : 290
2003 1076 : 602
2003 1076 2010 : 346
2003 1099 : 662
2003 1099 1113 : 192
2003 1099 1017 : 206
2003 1099 2010 : 364
2003 1032 : 668
2003 1032 1113 : 201
2003 1032 2010 : 333
2003 1008 : 842
2003 1008 1113 : 260
2003 1008 1113 2010 : 189
2003 1008 2010 : 519
2003 2070 : 843
2003 2070 2010 : 485
2003 1017 : 888
2003 1017 1113 : 220
2003 1017 2010 : 487
2003 1113 : 1348
2003 1113 2010 : 792
2003 2010 : 3625
1031 : 8236
1031 2070 : 558
1031 2070 2010 : 287
1031 1076 : 629
1031 1076 2010 : 289
1031 1099 : 644
1031 1099 1017 : 190
1031 1099 1113 : 211
1031 1099 2010 : 279
1031 1008 : 735
1031 1008 1017 : 224
1031 1008 1113 : 263
1031 1008 2010 : 327
1031 1065 : 797
1031 1065 1017 : 208
1031 1065 2010 : 248
1031 1065 1113 : 261
1031 2045 : 910
1031 2045 1113 : 229
1031 2045 2010 : 383
1031 1017 : 1029
1031 1017 1049 : 204
1031 1017 1113 : 309
1031 1017 2010 : 412
1031 1049 : 1203
1031 1049 1113 : 378
1031 1049 2010 : 425
1031 1113 : 1868
1031 1113 2010 : 702
1031 2010 : 2564
1099 : 8586
1099 2045 : 588
1099 2045 2010 : 253
1099 1049 : 638
1099 1049 2010 : 248
1099 2070 : 670
1099 2070 1113 : 187
1099 2070 1017 : 189
1099 2070 2010 : 352
1099 1065 : 677
1099 1065 1008 : 198
1099 1065 1113 : 216
1099 1065 2010 : 235
1099 1065 1017 : 255
1099 1032 : 985
1099 1032 1076 : 193
1099 1032 1008 : 241
1099 1032 1113 : 309
1099 1032 1017 : 312
1099 1032 2010 : 438
1099 1076 : 1184
1099 1076 1113 : 287
1099 1076 1017 : 336
1099 1076 1008 : 352
1099 1076 2010 : 532
1099 1008 : 1620
1099 1008 1113 : 430
1099 1008 1113 2010 : 236
1099 1008 1017 : 490
1099 1008 1017 2010 : 234
1099 1008 2010 : 675
1099 1113 : 1629
1099 1113 1017 : 489
1099 1113 1017 2010 : 239
1099 1113 2010 : 759
1099 1017 : 1874
1099 1017 2010 : 744
1099 2010 : 2723
1076 : 8701
1076 1065 : 563
1076 1065 2010 : 226
1076 1049 : 608
1076 1049 2010 : 283
1076 2045 : 676
1076 2045 2010 : 315
1076 2070 : 676
1076 2070 1113 : 204
1076 2070 2010 : 377
1076 1032 : 829
1076 1032 1008 : 187
1076 1032 1017 : 239
1076 1032 1113 : 246
1076 1032 2010 : 395
1076 1017 : 1245
1076 1017 1113 : 342
1076 1017 1113 2010 : 205
1076 1017 1008 : 344
1076 1017 1008 2010 : 205
1076 1017 2010 : 583
1076 1008 : 1334
1076 1008 1113 : 360
1076 1008 1113 2010 : 242
1076 1008 2010 : 657
1076 1113 : 1414
1076 1113 2010 : 746
1076 2010 : 2919
1049 : 8988
1049 2070 : 491
1049 2070 2010 : 245
1049 1008 : 672
1049 1008 1113 : 229
1049 1008 2010 : 326
1049 1065 : 809
1049 1065 2010 : 255
1049 2045 : 901
1049 2045 1113 : 200
1049 2045 2010 : 353
1049 1017 : 971
1049 1017 1032 : 209
1049 1017 1113 : 259
1049 1017 2010 : 393
1049 1032 : 1086
1049 1032 1113 : 284
1049 1032 2010 : 398
1049 1113 : 1695
1049 1113 2010 : 626
1049 2010 : 2527
1065 : 9168
1065 2070 : 489
1065 2070 2010 : 228
1065 2045 : 639
1065 2045 2010 : 204
1065 1008 : 824
1065 1008 1113 : 258
1065 1008 1017 : 266
1065 1008 2010 : 300
1065 1032 : 877
1065 1032 1017 : 260
1065 1032 1113 : 274
1065 1032 2010 : 342
1065 1017 : 1246
1065 1017 1113 : 349
1065 1017 2010 : 445
1065 1113 : 1492
1065 1113 2010 : 505
1065 2010 : 2043
1008 : 9814
1008 2045 : 727
1008 2045 1017 : 189
1008 2045 1113 : 234
1008 2045 1113 2010 : 182
1008 2045 2010 : 418
1008 2070 : 852
1008 2070 1017 : 212
1008 2070 1113 : 251
1008 2070 1113 2010 : 185
1008 2070 2010 : 518
1008 1032 : 988
1008 1032 1017 : 290
1008 1032 1113 : 332
1008 1032 1113 2010 : 189
1008 1032 2010 : 484
1008 1017 : 1644
1008 1017 1113 : 508
1008 1017 1113 2010 : 290
1008 1017 2010 : 798
1008 1113 : 1947
1008 1113 2010 : 1029
1008 2010 : 3479
2070 : 10243
2070 2045 : 453
2070 2045 2010 : 235
2070 1032 : 771
2070 1032 1113 : 236
2070 1032 2010 : 415
2070 1017 : 877
2070 1017 1113 : 227
2070 1017 2010 : 488
2070 1113 : 1507
2070 1113 2010 : 788
2070 2010 : 4111
1032 : 10511
1032 2045 : 978
1032 2045 1113 : 209
1032 2045 2010 : 394
1032 1017 : 1501
1032 1017 1113 : 399
1032 1017 1113 2010 : 206
1032 1017 2010 : 668
1032 1113 : 2348
1032 1113 2010 : 973
1032 2010 : 3394
1017 : 11414
1017 2045 : 870
1017 2045 1113 : 227
1017 2045 2010 : 436
1017 1113 : 2047
1017 1113 2010 : 894
1017 2010 : 3601
2045 : 12758
2045 1113 : 1424
2045 1113 2010 : 680
2045 2010 : 3353
1113 : 20297
1113 2010 : 6294
2010 : 43227